021687354
0	2	2	18	32	35	18	35	32	174
0	8	56	18	20	8	18	14	5	147
0	56	8	18	5	14	18	8	20	147
0	66	66	54	57	57	54	57	57	

021687435
0	2	2	18	32	35	24	21	40	174
0	8	56	18	20	8	21	10	6	147
0	56	8	18	5	14	10	24	12	147
0	66	66	54	57	57	55	55	58	

021768354
0	2	2	21	24	40	18	35	32	174
0	8	56	24	10	12	18	14	5	147
0	56	8	10	21	6	18	8	20	147
0	66	66	55	55	58	54	57	57	

021768435
0	2	2	21	24	40	24	21	40	174
0	8	56	24	10	12	21	10	6	147
0	56	8	10	21	6	10	24	12	147
0	66	66	55	55	58	55	55	58	

024681357
0	2	8	18	32	5	18	35	56	174
0	8	14	18	20	20	18	14	8	120
0	56	35	18	5	32	18	8	2	174
0	66	57	54	57	57	54	57	66	

024718536
0	2	8	21	4	40	30	21	48	174
0	8	14	24	30	12	24	10	7	129
0	56	35	10	24	6	4	24	6	165
0	66	57	55	58	58	58	55	61	

024873165
0	2	8	24	28	15	6	42	40	165
0	8	14	30	15	28	12	16	6	129
0	56	35	4	12	12	40	3	12	174
0	66	57	58	55	55	58	61	58	

025187364
0	2	10	3	32	35	18	42	32	174
0	8	21	42	20	8	18	16	5	138
0	56	24	16	5	14	18	3	20	156
0	66	55	61	57	57	54	61	57	

025713864
0	2	10	21	4	15	48	42	32	174
0	8	21	24	30	28	6	16	5	138
0	56	24	10	24	12	7	3	20	156
0	66	55	55	58	55	61	61	57	

025714836
0	2	10	21	4	20	48	21	48	174
0	8	21	24	30	32	6	10	7	138
0	56	24	10	24	5	7	24	6	156
0	66	55	55	58	57	61	55	61	

025731846
0	2	10	21	12	5	48	28	48	174
0	8	21	24	40	20	6	12	7	138
0	56	24	10	6	32	7	15	6	156
0	66	55	55	58	57	61	55	61	

025817463
0	2	10	24	4	35	24	42	24	165
0	8	21	30	30	8	21	16	4	138
0	56	24	4	24	14	10	3	30	165
0	66	55	58	58	57	55	61	58	

025837146
0	2	10	24	12	35	6	28	48	165
0	8	21	30	40	8	12	12	7	138
0	56	24	4	6	14	40	15	6	165
0	66	55	58	58	57	58	55	61	

025863147
0	2	10	24	24	15	6	28	56	165
0	8	21	30	10	28	12	12	8	129
0	56	24	4	21	12	40	15	2	174
0	66	55	58	55	55	58	55	66	

026174835
0	2	12	3	28	20	48	21	40	174
0	8	28	42	15	32	6	10	6	147
0	56	15	16	12	5	7	24	12	147
0	66	55	61	55	57	61	55	58	

026518437
0	2	12	15	4	40	24	21	56	174
0	8	28	12	30	12	21	10	8	129
0	56	15	28	24	6	10	24	2	165
0	66	55	55	58	58	55	55	66	

026837415
0	2	12	24	12	35	24	7	40	156
0	8	28	30	40	8	21	6	6	147
0	56	15	4	6	14	10	48	12	165
0	66	55	58	58	57	55	61	58	

026873541
0	2	12	24	28	15	30	28	8	147
0	8	28	30	15	28	24	12	2	147
0	56	15	4	12	12	4	15	56	174
0	66	55	58	55	55	58	55	66	

026874351
0	2	12	24	28	20	18	35	8	147
0	8	28	30	15	32	18	14	2	147
0	56	15	4	12	5	18	8	56	174
0	66	55	58	55	57	54	57	66	

027168543
0	2	14	3	24	40	30	28	24	165
0	8	35	42	10	12	24	12	4	147
0	56	8	16	21	6	4	15	30	156
0	66	57	61	55	58	58	55	58	

027518463
0	2	14	15	4	40	24	42	24	165
0	8	35	12	30	12	21	16	4	138
0	56	8	28	24	6	10	3	30	165
0	66	57	55	58	58	55	61	58	

027538146
0	2	14	15	12	40	6	28	48	165
0	8	35	12	40	12	12	12	7	138
0	56	8	28	6	6	40	15	6	165
0	66	57	55	58	58	58	55	61	

027584316
0	2	14	15	32	20	18	7	48	156
0	8	35	12	20	32	18	6	7	138
0	56	8	28	5	5	18	48	6	174
0	66	57	55	57	57	54	61	61	

027614853
0	2	14	18	4	20	48	35	24	165
0	8	35	18	30	32	6	14	4	147
0	56	8	18	24	5	7	8	30	156
0	66	57	54	58	57	61	57	58	

027683541
0	2	14	18	32	15	30	28	8	147
0	8	35	18	20	28	24	12	2	147
0	56	8	18	5	12	4	15	56	174
0	66	57	54	57	55	58	55	66	

027684351
0	2	14	18	32	20	18	35	8	147
0	8	35	18	20	32	18	14	2	147
0	56	8	18	5	5	18	8	56	174
0	66	57	54	57	57	54	57	66	

028571463
0	2	16	15	28	5	24	42	24	156
0	8	42	12	15	20	21	16	4	138
0	56	3	28	12	32	10	3	30	174
0	66	61	55	55	57	55	61	58	

028573164
0	2	16	15	28	15	6	42	32	156
0	8	42	12	15	28	12	16	5	138
0	56	3	28	12	12	40	3	20	174
0	66	61	55	55	55	58	61	57	

028574136
0	2	16	15	28	20	6	21	48	156
0	8	42	12	15	32	12	10	7	138
0	56	3	28	12	5	40	24	6	174
0	66	61	55	55	57	58	55	61	

028637154
0	2	16	18	12	35	6	35	32	156
0	8	42	18	40	8	12	14	5	147
0	56	3	18	6	14	40	8	20	165
0	66	61	54	58	57	58	57	57	

028763514
0	2	16	21	24	15	30	7	32	147
0	8	42	24	10	28	24	6	5	147
0	56	3	10	21	12	4	48	20	174
0	66	61	55	55	55	58	61	57	

031682754
0	3	2	18	32	10	42	35	32	174
0	16	56	18	20	24	3	14	5	156
0	42	8	18	5	21	16	8	20	138
0	61	66	54	57	55	61	57	57	

031758246
0	3	2	21	20	40	12	28	48	174
0	16	56	24	5	12	15	12	7	147
0	42	8	10	32	6	28	15	6	147
0	61	66	55	57	58	55	55	61	

031876425
0	3	2	24	28	30	24	14	40	165
0	16	56	30	15	4	21	8	6	156
0	42	8	4	12	24	10	35	12	147
0	61	66	58	55	58	55	57	58	

035182764
0	3	10	3	32	10	42	42	32	174
0	16	21	42	20	24	3	16	5	147
0	42	24	16	5	21	16	3	20	147
0	61	55	61	57	55	61	61	57	

035186247
0	3	10	3	32	30	12	28	56	174
0	16	21	42	20	4	15	12	8	138
0	42	24	16	5	24	28	15	2	156
0	61	55	61	57	58	55	55	66	

035281746
0	3	10	6	32	5	42	28	48	174
0	16	21	48	20	20	3	12	7	147
0	42	24	7	5	32	16	15	6	147
0	61	55	61	57	57	61	55	61	

035714286
0	3	10	21	4	20	12	56	48	174
0	16	21	24	30	32	15	2	7	147
0	42	24	10	24	5	28	8	6	147
0	61	55	55	58	57	55	66	61	

035814726
0	3	10	24	4	20	42	14	48	165
0	16	21	30	30	32	3	8	7	147
0	42	24	4	24	5	16	35	6	156
0	61	55	58	58	57	61	57	61	

035816427
0	3	10	24	4	30	24	14	56	165
0	16	21	30	30	4	21	8	8	138
0	42	24	4	24	24	10	35	2	165
0	61	55	58	58	58	55	57	66	

035826147
0	3	10	24	8	30	6	28	56	165
0	16	21	30	35	4	12	12	8	138
0	42	24	4	14	24	40	15	2	165
0	61	55	58	57	58	58	55	66	

036158247
0	3	12	3	20	40	12	28	56	174
0	16	28	42	5	12	15	12	8	138
0	42	15	16	32	6	28	15	2	156
0	61	55	61	57	58	55	55	66	

036172584
0	3	12	3	28	10	30	56	32	174
0	16	28	42	15	24	24	2	5	156
0	42	15	16	12	21	4	8	20	138
0	61	55	61	55	55	58	66	57	

036174285
0	3	12	3	28	20	12	56	40	174
0	16	28	42	15	32	15	2	6	156
0	42	15	16	12	5	28	8	12	138
0	61	55	61	55	57	55	66	58	

036218754
0	3	12	6	4	40	42	35	32	174
0	16	28	48	30	12	3	14	5	156
0	42	15	7	24	6	16	8	20	138
0	61	55	61	58	58	61	57	57	

036271485
0	3	12	6	28	5	24	56	40	174
0	16	28	48	15	20	21	2	6	156
0	42	15	7	12	32	10	8	12	138
0	61	55	61	55	57	55	66	58	

036418257
0	3	12	12	4	40	12	35	56	174
0	16	28	6	30	12	15	14	8	129
0	42	15	40	24	6	28	8	2	165
0	61	55	58	58	58	55	57	66	

036814752
0	3	12	24	4	20	42	35	16	156
0	16	28	30	30	32	3	14	3	156
0	42	15	4	24	5	16	8	42	156
0	61	55	58	58	57	61	57	61	

036824715
0	3	12	24	8	20	42	7	40	156
0	16	28	30	35	32	3	6	6	156
0	42	15	4	14	5	16	48	12	156
0	61	55	58	57	57	61	61	58	

036852417
0	3	12	24	20	10	24	7	56	156
0	16	28	30	5	24	21	6	8	138
0	42	15	4	32	21	10	48	2	174
0	61	55	58	57	55	55	61	66	

037186542
0	3	14	3	32	30	30	28	16	156
0	16	35	42	20	4	24	12	3	156
0	42	8	16	5	24	4	15	42	156
0	61	57	61	57	58	58	55	61	

037258146
0	3	14	6	20	40	6	28	48	165
0	16	35	48	5	12	12	12	7	147
0	42	8	7	32	6	40	15	6	156
0	61	57	61	57	58	58	55	61	

037286415
0	3	14	6	32	30	24	7	40	156
0	16	35	48	20	4	21	6	6	156
0	42	8	7	5	24	10	48	12	156
0	61	57	61	57	58	55	61	58	

037418526
0	3	14	12	4	40	30	14	48	165
0	16	35	6	30	12	24	8	7	138
0	42	8	40	24	6	4	35	6	165
0	61	57	58	58	58	58	57	61	

037428165
0	3	14	12	8	40	6	42	40	165
0	16	35	6	35	12	12	16	6	138
0	42	8	40	14	6	40	3	12	165
0	61	57	58	57	58	58	61	58	

037482516
0	3	14	12	32	10	30	7	48	156
0	16	35	6	20	24	24	6	7	138
0	42	8	40	5	21	4	48	6	174
0	61	57	58	57	55	58	61	61	

037624185
0	3	14	18	8	20	6	56	40	165
0	16	35	18	35	32	12	2	6	156
0	42	8	18	14	5	40	8	12	147
0	61	57	54	57	57	58	66	58	

038176524
0	3	16	3	28	30	30	14	32	156
0	16	42	42	15	4	24	8	5	156
0	42	3	16	12	24	4	35	20	156
0	61	61	61	55	58	58	57	57	

038276154
0	3	16	6	28	30	6	35	32	156
0	16	42	48	15	4	12	14	5	156
0	42	3	7	12	24	40	8	20	156
0	61	61	61	55	58	58	57	57	

038471526
0	3	16	12	28	5	30	14	48	156
0	16	42	6	15	20	24	8	7	138
0	42	3	40	12	32	4	35	6	174
0	61	61	58	55	57	58	57	61	

038651427
0	3	16	18	20	5	24	14	56	156
0	16	42	18	5	20	21	8	8	138
0	42	3	18	32	32	10	35	2	174
0	61	61	54	57	57	55	57	66	

038726514
0	3	16	21	8	30	30	7	32	147
0	16	42	24	35	4	24	6	5	156
0	42	3	10	14	24	4	48	20	165
0	61	61	55	57	58	58	61	57	

038751462
0	3	16	21	20	5	24	42	16	147
0	16	42	24	5	20	21	16	3	147
0	42	3	10	32	32	10	3	42	174
0	61	61	55	57	57	55	61	61	

038754216
0	3	16	21	20	20	12	7	48	147
0	16	42	24	5	32	15	6	7	147
0	42	3	10	32	5	28	48	6	174
0	61	61	55	57	57	55	61	61	

041582736
0	4	2	15	32	10	42	21	48	174
0	24	56	12	20	24	3	10	7	156
0	30	8	28	5	21	16	24	6	138
0	58	66	55	57	55	61	55	61	

041726835
0	4	2	21	8	30	48	21	40	174
0	24	56	24	35	4	6	10	6	165
0	30	8	10	14	24	7	24	12	129
0	58	66	55	57	58	61	55	58	

041752836
0	4	2	21	20	10	48	21	48	174
0	24	56	24	5	24	6	10	7	156
0	30	8	10	32	21	7	24	6	138
0	58	66	55	57	55	61	55	61	

041763285
0	4	2	21	24	15	12	56	40	174
0	24	56	24	10	28	15	2	6	165
0	30	8	10	21	12	28	8	12	129
0	58	66	55	55	55	55	66	58	

041857326
0	4	2	24	20	35	18	14	48	165
0	24	56	30	5	8	18	8	7	156
0	30	8	4	32	14	18	35	6	147
0	58	66	58	57	57	54	57	61	

041862753
0	4	2	24	24	10	42	35	24	165
0	24	56	30	10	24	3	14	4	165
0	30	8	4	21	21	16	8	30	138
0	58	66	58	55	55	61	57	58	

041863725
0	4	2	24	24	15	42	14	40	165
0	24	56	30	10	28	3	8	6	165
0	30	8	4	21	12	16	35	12	138
0	58	66	58	55	55	61	57	58	

043187265
0	4	6	3	32	35	12	42	40	174
0	24	7	42	20	8	15	16	6	138
0	30	48	16	5	14	28	3	12	156
0	58	61	61	57	57	55	61	58	

043721865
0	4	6	21	8	5	48	42	40	174
0	24	7	24	35	20	6	16	6	138
0	30	48	10	14	32	7	3	12	156
0	58	61	55	57	57	61	61	58	

043817526
0	4	6	24	4	35	30	14	48	165
0	24	7	30	30	8	24	8	7	138
0	30	48	4	24	14	4	35	6	165
0	58	61	58	58	57	58	57	61	

043827165
0	4	6	24	8	35	6	42	40	165
0	24	7	30	35	8	12	16	6	138
0	30	48	4	14	14	40	3	12	165
0	58	61	58	57	57	58	61	58	

043862157
0	4	6	24	24	10	6	35	56	165
0	24	7	30	10	24	12	14	8	129
0	30	48	4	21	21	40	8	2	174
0	58	61	58	55	55	58	57	66	

046137285
0	4	12	3	12	35	12	56	40	174
0	24	28	42	40	8	15	2	6	165
0	30	15	16	6	14	28	8	12	129
0	58	55	61	58	57	55	66	58	

046152837
0	4	12	3	20	10	48	21	56	174
0	24	28	42	5	24	6	10	8	147
0	30	15	16	32	21	7	24	2	147
0	58	55	61	57	55	61	55	66	

046513287
0	4	12	15	4	15	12	56	56	174
0	24	28	12	30	28	15	2	8	147
0	30	15	28	24	12	28	8	2	147
0	58	55	55	58	55	55	66	66	

046521387
0	4	12	15	8	5	18	56	56	174
0	24	28	12	35	20	18	2	8	147
0	30	15	28	14	32	18	8	2	147
0	58	55	55	57	57	54	66	66	

046832751
0	4	12	24	12	10	42	35	8	147
0	24	28	30	40	24	3	14	2	165
0	30	15	4	6	21	16	8	56	156
0	58	55	58	58	55	61	57	66	

047136825
0	4	14	3	12	30	48	14	40	165
0	24	35	42	40	4	6	8	6	165
0	30	8	16	6	24	7	35	12	138
0	58	57	61	58	58	61	57	58	

047152863
0	4	14	3	20	10	48	42	24	165
0	24	35	42	5	24	6	16	4	156
0	30	8	16	32	21	7	3	30	147
0	58	57	61	57	55	61	61	58	

047162583
0	4	14	3	24	10	30	56	24	165
0	24	35	42	10	24	24	2	4	165
0	30	8	16	21	21	4	8	30	138
0	58	57	61	55	55	58	66	58	

047216853
0	4	14	6	4	30	48	35	24	165
0	24	35	48	30	4	6	14	4	165
0	30	8	7	24	24	7	8	30	138
0	58	57	61	58	58	61	57	58	

047263185
0	4	14	6	24	15	6	56	40	165
0	24	35	48	10	28	12	2	6	165
0	30	8	7	21	12	40	8	12	138
0	58	57	61	55	55	58	66	58	

047286351
0	4	14	6	32	30	18	35	8	147
0	24	35	48	20	4	18	14	2	165
0	30	8	7	5	24	18	8	56	156
0	58	57	61	57	58	54	57	66	

047532186
0	4	14	15	12	10	6	56	48	165
0	24	35	12	40	24	12	2	7	156
0	30	8	28	6	21	40	8	6	147
0	58	57	55	58	55	58	66	61	

048157263
0	4	16	3	20	35	12	42	24	156
0	24	42	42	5	8	15	16	4	156
0	30	3	16	32	14	28	3	30	156
0	58	61	61	57	57	55	61	58	

048257136
0	4	16	6	20	35	6	21	48	156
0	24	42	48	5	8	12	10	7	156
0	30	3	7	32	14	40	24	6	156
0	58	61	61	57	57	58	55	61	

048261753
0	4	16	6	24	5	42	35	24	156
0	24	42	48	10	20	3	14	4	165
0	30	3	7	21	32	16	8	30	147
0	58	61	61	55	57	61	57	58	

048521763
0	4	16	15	8	5	42	42	24	156
0	24	42	12	35	20	3	16	4	156
0	30	3	28	14	32	16	3	30	156
0	58	61	55	57	57	61	61	58	

048526137
0	4	16	15	8	30	6	21	56	156
0	24	42	12	35	4	12	10	8	147
0	30	3	28	14	24	40	24	2	165
0	58	61	55	57	58	58	55	66	

048531726
0	4	16	15	12	5	42	14	48	156
0	24	42	12	40	20	3	8	7	156
0	30	3	28	6	32	16	35	6	156
0	58	61	55	58	57	61	57	61	

048726531
0	4	16	21	8	30	30	21	8	138
0	24	42	24	35	4	24	10	2	165
0	30	3	10	14	24	4	24	56	165
0	58	61	55	57	58	58	55	66	

048736251
0	4	16	21	12	30	12	35	8	138
0	24	42	24	40	4	15	14	2	165
0	30	3	10	6	24	28	8	56	165
0	58	61	55	58	58	55	57	66	

048753261
0	4	16	21	20	15	12	42	8	138
0	24	42	24	5	28	15	16	2	156
0	30	3	10	32	12	28	3	56	174
0	58	61	55	57	55	55	61	66	

051472836
0	5	2	12	28	10	48	21	48	174
0	32	56	6	15	24	6	10	7	156
0	20	8	40	12	21	7	24	6	138
0	57	66	58	55	55	61	55	61	

051627384
0	5	2	18	8	35	18	56	32	174
0	32	56	18	35	8	18	2	5	174
0	20	8	18	14	14	18	8	20	120
0	57	66	54	57	57	54	66	57	

051863742
0	5	2	24	24	15	42	28	16	156
0	32	56	30	10	28	3	12	3	174
0	20	8	4	21	12	16	15	42	138
0	57	66	58	55	55	61	55	61	

053168247
0	5	6	3	24	40	12	28	56	174
0	32	7	42	10	12	15	12	8	138
0	20	48	16	21	6	28	15	2	156
0	57	61	61	55	58	55	55	66	

053172864
0	5	6	3	28	10	48	42	32	174
0	32	7	42	15	24	6	16	5	147
0	20	48	16	12	21	7	3	20	147
0	57	61	61	55	55	61	61	57	

053271846
0	5	6	6	28	5	48	28	48	174
0	32	7	48	15	20	6	12	7	147
0	20	48	7	12	32	7	15	6	147
0	57	61	61	55	57	61	55	61	

053621847
0	5	6	18	8	5	48	28	56	174
0	32	7	18	35	20	6	12	8	138
0	20	48	18	14	32	7	15	2	156
0	57	61	54	57	57	61	55	66	

053817462
0	5	6	24	4	35	24	42	16	156
0	32	7	30	30	8	21	16	3	147
0	20	48	4	24	14	10	3	42	165
0	57	61	58	58	57	55	61	61	

053862417
0	5	6	24	24	10	24	7	56	156
0	32	7	30	10	24	21	6	8	138
0	20	48	4	21	21	10	48	2	174
0	57	61	58	55	55	55	61	66	

053872461
0	5	6	24	28	10	24	42	8	147
0	32	7	30	15	24	21	16	2	147
0	20	48	4	12	21	10	3	56	174
0	57	61	58	55	55	55	61	66	

054218736
0	5	8	6	4	40	42	21	48	174
0	32	14	48	30	12	3	10	7	156
0	20	35	7	24	6	16	24	6	138
0	57	57	61	58	58	61	55	61	

054271386
0	5	8	6	28	5	18	56	48	174
0	32	14	48	15	20	18	2	7	156
0	20	35	7	12	32	18	8	6	138
0	57	57	61	55	57	54	66	61	

054613287
0	5	8	18	4	15	12	56	56	174
0	32	14	18	30	28	15	2	8	147
0	20	35	18	24	12	28	8	2	147
0	57	57	54	58	55	55	66	66	

054621387
0	5	8	18	8	5	18	56	56	174
0	32	14	18	35	20	18	2	8	147
0	20	35	18	14	32	18	8	2	147
0	57	57	54	57	57	54	66	66	

054813762
0	5	8	24	4	15	42	42	16	156
0	32	14	30	30	28	3	16	3	156
0	20	35	4	24	12	16	3	42	156
0	57	57	58	58	55	61	61	61	

054826317
0	5	8	24	8	30	18	7	56	156
0	32	14	30	35	4	18	6	8	147
0	20	35	4	14	24	18	48	2	165
0	57	57	58	57	58	54	61	66	

054832716
0	5	8	24	12	10	42	7	48	156
0	32	14	30	40	24	3	6	7	156
0	20	35	4	6	21	16	48	6	156
0	57	57	58	58	55	61	61	61	

057136842
0	5	14	3	12	30	48	28	16	156
0	32	35	42	40	4	6	12	3	174
0	20	8	16	6	24	7	15	42	138
0	57	57	61	58	58	61	55	61	

057164382
0	5	14	3	24	20	18	56	16	156
0	32	35	42	10	32	18	2	3	174
0	20	8	16	21	5	18	8	42	138
0	57	57	61	55	57	54	66	61	

057413862
0	5	14	12	4	15	48	42	16	156
0	32	35	6	30	28	6	16	3	156
0	20	8	40	24	12	7	3	42	156
0	57	57	58	58	55	61	61	61	

057428361
0	5	14	12	8	40	18	42	8	147
0	32	35	6	35	12	18	16	2	156
0	20	8	40	14	6	18	3	56	165
0	57	57	58	57	58	54	61	66	

057432816
0	5	14	12	12	10	48	7	48	156
0	32	35	6	40	24	6	6	7	156
0	20	8	40	6	21	7	48	6	156
0	57	57	58	58	55	61	61	61	

057624381
0	5	14	18	8	20	18	56	8	147
0	32	35	18	35	32	18	2	2	174
0	20	8	18	14	5	18	8	56	147
0	57	57	54	57	57	54	66	66	

057632481
0	5	14	18	12	10	24	56	8	147
0	32	35	18	40	24	21	2	2	174
0	20	8	18	6	21	10	8	56	147
0	57	57	54	58	55	55	66	66	

058164732
0	5	16	3	24	20	42	21	16	147
0	32	42	42	10	32	3	10	3	174
0	20	3	16	21	5	16	24	42	147
0	57	61	61	55	57	61	55	61	

058263714
0	5	16	6	24	15	42	7	32	147
0	32	42	48	10	28	3	6	5	174
0	20	3	7	21	12	16	48	20	147
0	57	61	61	55	55	61	61	57	

058276431
0	5	16	6	28	30	24	21	8	138
0	32	42	48	15	4	21	10	2	174
0	20	3	7	12	24	10	24	56	156
0	57	61	61	55	58	55	55	66	

058437216
0	5	16	12	12	35	12	7	48	147
0	32	42	6	40	8	15	6	7	156
0	20	3	40	6	14	28	48	6	165
0	57	61	58	58	57	55	61	61	

058463217
0	5	16	12	24	15	12	7	56	147
0	32	42	6	10	28	15	6	8	147
0	20	3	40	21	12	28	48	2	174
0	57	61	58	55	55	55	61	66	

058473261
0	5	16	12	28	15	12	42	8	138
0	32	42	6	15	28	15	16	2	156
0	20	3	40	12	12	28	3	56	174
0	57	61	58	55	55	55	61	66	

058624731
0	5	16	18	8	20	42	21	8	138
0	32	42	18	35	32	3	10	2	174
0	20	3	18	14	5	16	24	56	156
0	57	61	54	57	57	61	55	66	

061472853
0	6	2	12	28	10	48	35	24	165
0	40	56	6	15	24	6	14	4	165
0	12	8	40	12	21	7	8	30	138
0	58	66	58	55	55	61	57	58	

061473825
0	6	2	12	28	15	48	14	40	165
0	40	56	6	15	28	6	8	6	165
0	12	8	40	12	12	7	35	12	138
0	58	66	58	55	55	61	57	58	

061487352
0	6	2	12	32	35	18	35	16	156
0	40	56	6	20	8	18	14	3	165
0	12	8	40	5	14	18	8	42	147
0	58	66	58	57	57	54	57	61	

061528743
0	6	2	15	8	40	42	28	24	165
0	40	56	12	35	12	3	12	4	174
0	12	8	28	14	6	16	15	30	129
0	58	66	55	57	58	61	55	58	

061572483
0	6	2	15	28	10	24	56	24	165
0	40	56	12	15	24	21	2	4	174
0	12	8	28	12	21	10	8	30	129
0	58	66	55	55	55	55	66	58	

061583742
0	6	2	15	32	15	42	28	16	156
0	40	56	12	20	28	3	12	3	174
0	12	8	28	5	12	16	15	42	138
0	58	66	55	57	55	61	55	61	

061753842
0	6	2	21	20	15	48	28	16	156
0	40	56	24	5	28	6	12	3	174
0	12	8	10	32	12	7	15	42	138
0	58	66	55	57	55	61	55	61	

063174825
0	6	6	3	28	20	48	14	40	165
0	40	7	42	15	32	6	8	6	156
0	12	48	16	12	5	7	35	12	147
0	58	61	61	55	57	61	57	58	

063187542
0	6	6	3	32	35	30	28	16	156
0	40	7	42	20	8	24	12	3	156
0	12	48	16	5	14	4	15	42	156
0	58	61	61	57	57	58	55	61	

063287415
0	6	6	6	32	35	24	7	40	156
0	40	7	48	20	8	21	6	6	156
0	12	48	7	5	14	10	48	12	156
0	58	61	61	57	57	55	61	58	

063518427
0	6	6	15	4	40	24	14	56	165
0	40	7	12	30	12	21	8	8	138
0	12	48	28	24	6	10	35	2	165
0	58	61	55	58	58	55	57	66	

063528147
0	6	6	15	8	40	6	28	56	165
0	40	7	12	35	12	12	12	8	138
0	12	48	28	14	6	40	15	2	165
0	58	61	55	57	58	58	55	66	

063582417
0	6	6	15	32	10	24	7	56	156
0	40	7	12	20	24	21	6	8	138
0	12	48	28	5	21	10	48	2	174
0	58	61	55	57	55	55	61	66	

063714852
0	6	6	21	4	20	48	35	16	156
0	40	7	24	30	32	6	14	3	156
0	12	48	10	24	5	7	8	42	156
0	58	61	55	58	57	61	57	61	

063724815
0	6	6	21	8	20	48	7	40	156
0	40	7	24	35	32	6	6	6	156
0	12	48	10	14	5	7	48	12	156
0	58	61	55	57	57	61	61	58	

063728541
0	6	6	21	8	40	30	28	8	147
0	40	7	24	35	12	24	12	2	156
0	12	48	10	14	6	4	15	56	165
0	58	61	55	57	58	58	55	66	

064138725
0	6	8	3	12	40	42	14	40	165
0	40	14	42	40	12	3	8	6	165
0	12	35	16	6	6	16	35	12	138
0	58	57	61	58	58	61	57	58	

064158327
0	6	8	3	20	40	18	14	56	165
0	40	14	42	5	12	18	8	8	147
0	12	35	16	32	6	18	35	2	156
0	58	57	61	57	58	54	57	66	

064172583
0	6	8	3	28	10	30	56	24	165
0	40	14	42	15	24	24	2	4	165
0	12	35	16	12	21	4	8	30	138
0	58	57	61	55	55	58	66	58	

064218753
0	6	8	6	4	40	42	35	24	165
0	40	14	48	30	12	3	14	4	165
0	12	35	7	24	6	16	8	30	138
0	58	57	61	58	58	61	57	58	

064273185
0	6	8	6	28	15	6	56	40	165
0	40	14	48	15	28	12	2	6	165
0	12	35	7	12	12	40	8	12	138
0	58	57	61	55	55	58	66	58	

064283715
0	6	8	6	32	15	42	7	40	156
0	40	14	48	20	28	3	6	6	165
0	12	35	7	5	12	16	48	12	147
0	58	57	61	57	55	61	61	58	

064713582
0	6	8	21	4	15	30	56	16	156
0	40	14	24	30	28	24	2	3	165
0	12	35	10	24	12	4	8	42	147
0	58	57	55	58	55	58	66	61	

065217483
0	6	10	6	4	35	24	56	24	165
0	40	21	48	30	8	21	2	4	174
0	12	24	7	24	14	10	8	30	129
0	58	55	61	58	57	55	66	58	

065283741
0	6	10	6	32	15	42	28	8	147
0	40	21	48	20	28	3	12	2	174
0	12	24	7	5	12	16	15	56	147
0	58	55	61	57	55	61	55	66	

065413827
0	6	10	12	4	15	48	14	56	165
0	40	21	6	30	28	6	8	8	147
0	12	24	40	24	12	7	35	2	156
0	58	55	58	58	55	61	57	66	

065724381
0	6	10	21	8	20	18	56	8	147
0	40	21	24	35	32	18	2	2	174
0	12	24	10	14	5	18	8	56	147
0	58	55	55	57	57	54	66	66	

065732481
0	6	10	21	12	10	24	56	8	147
0	40	21	24	40	24	21	2	2	174
0	12	24	10	6	21	10	8	56	147
0	58	55	55	58	55	55	66	66	

068257413
0	6	16	6	20	35	24	7	24	138
0	40	42	48	5	8	21	6	4	174
0	12	3	7	32	14	10	48	30	156
0	58	61	61	57	57	55	61	58	

068427513
0	6	16	12	8	35	30	7	24	138
0	40	42	6	35	8	24	6	4	165
0	12	3	40	14	14	4	48	30	165
0	58	61	58	57	57	58	61	58	

068437152
0	6	16	12	12	35	6	35	16	138
0	40	42	6	40	8	12	14	3	165
0	12	3	40	6	14	40	8	42	165
0	58	61	58	58	57	58	57	61	

068473521
0	6	16	12	28	15	30	14	8	129
0	40	42	6	15	28	24	8	2	165
0	12	3	40	12	12	4	35	56	174
0	58	61	58	55	55	58	57	66	

068524713
0	6	16	15	8	20	42	7	24	138
0	40	42	12	35	32	3	6	4	174
0	12	3	28	14	5	16	48	30	156
0	58	61	55	57	57	61	61	58	

071468253
0	7	2	12	24	40	12	35	24	156
0	48	56	6	10	12	15	14	4	165
0	6	8	40	21	6	28	8	30	147
0	61	66	58	55	58	55	57	58	

071586432
0	7	2	15	32	30	24	21	16	147
0	48	56	12	20	4	21	10	3	174
0	6	8	28	5	24	10	24	42	147
0	61	66	55	57	58	55	55	61	

071653824
0	7	2	18	20	15	48	14	32	156
0	48	56	18	5	28	6	8	5	174
0	6	8	18	32	12	7	35	20	138
0	61	66	54	57	55	61	57	57	

073168524
0	7	6	3	24	40	30	14	32	156
0	48	7	42	10	12	24	8	5	156
0	6	48	16	21	6	4	35	20	156
0	61	61	61	55	58	58	57	57	

073268154
0	7	6	6	24	40	6	35	32	156
0	48	7	48	10	12	12	14	5	156
0	6	48	7	21	6	40	8	20	156
0	61	61	61	55	58	58	57	57	

073528164
0	7	6	15	8	40	6	42	32	156
0	48	7	12	35	12	12	16	5	147
0	6	48	28	14	6	40	3	20	165
0	61	61	55	57	58	58	61	57	

073581462
0	7	6	15	32	5	24	42	16	147
0	48	7	12	20	20	21	16	3	147
0	6	48	28	5	32	10	3	42	174
0	61	61	55	57	57	55	61	61	

073584216
0	7	6	15	32	20	12	7	48	147
0	48	7	12	20	32	15	6	7	147
0	6	48	28	5	5	28	48	6	174
0	61	61	55	57	57	55	61	61	

073684251
0	7	6	18	32	20	12	35	8	138
0	48	7	18	20	32	15	14	2	156
0	6	48	18	5	5	28	8	56	174
0	61	61	54	57	57	55	57	66	

073864152
0	7	6	24	24	20	6	35	16	138
0	48	7	30	10	32	12	14	3	156
0	6	48	4	21	5	40	8	42	174
0	61	61	58	55	57	58	57	61	

074158263
0	7	8	3	20	40	12	42	24	156
0	48	14	42	5	12	15	16	4	156
0	6	35	16	32	6	28	3	30	156
0	61	57	61	57	58	55	61	58	

074186532
0	7	8	3	32	30	30	21	16	147
0	48	14	42	20	4	24	10	3	165
0	6	35	16	5	24	4	24	42	156
0	61	57	61	57	58	58	55	61	

074258136
0	7	8	6	20	40	6	21	48	156
0	48	14	48	5	12	12	10	7	156
0	6	35	7	32	6	40	24	6	156
0	61	57	61	57	58	58	55	61	

074621583
0	7	8	18	8	5	30	56	24	156
0	48	14	18	35	20	24	2	4	165
0	6	35	18	14	32	4	8	30	147
0	61	57	54	57	57	58	66	58	

074826513
0	7	8	24	8	30	30	7	24	138
0	48	14	30	35	4	24	6	4	165
0	6	35	4	14	24	4	48	30	165
0	61	57	58	57	58	58	61	58	

074836152
0	7	8	24	12	30	6	35	16	138
0	48	14	30	40	4	12	14	3	165
0	6	35	4	6	24	40	8	42	165
0	61	57	58	58	58	58	57	61	

074853162
0	7	8	24	20	15	6	42	16	138
0	48	14	30	5	28	12	16	3	156
0	6	35	4	32	12	40	3	42	174
0	61	57	58	57	55	58	61	61	

075136824
0	7	10	3	12	30	48	14	32	156
0	48	21	42	40	4	6	8	5	174
0	6	24	16	6	24	7	35	20	138
0	61	55	61	58	58	61	57	57	

075164283
0	7	10	3	24	20	12	56	24	156
0	48	21	42	10	32	15	2	4	174
0	6	24	16	21	5	28	8	30	138
0	61	55	61	55	57	55	66	58	

075261483
0	7	10	6	24	5	24	56	24	156
0	48	21	48	10	20	21	2	4	174
0	6	24	7	21	32	10	8	30	138
0	61	55	61	55	57	55	66	58	

075263184
0	7	10	6	24	15	6	56	32	156
0	48	21	48	10	28	12	2	5	174
0	6	24	7	21	12	40	8	20	138
0	61	55	61	55	55	58	66	57	

075286431
0	7	10	6	32	30	24	21	8	138
0	48	21	48	20	4	21	10	2	174
0	6	24	7	5	24	10	24	56	156
0	61	55	61	57	58	55	55	66	

075421863
0	7	10	12	8	5	48	42	24	156
0	48	21	6	35	20	6	16	4	156
0	6	24	40	14	32	7	3	30	156
0	61	55	58	57	57	61	61	58	

075431826
0	7	10	12	12	5	48	14	48	156
0	48	21	6	40	20	6	8	7	156
0	6	24	40	6	32	7	35	6	156
0	61	55	58	58	57	61	57	61	

075483261
0	7	10	12	32	15	12	42	8	138
0	48	21	6	20	28	15	16	2	156
0	6	24	40	5	12	28	3	56	174
0	61	55	58	57	55	55	61	66	

075836421
0	7	10	24	12	30	24	14	8	129
0	48	21	30	40	4	21	8	2	174
0	6	24	4	6	24	10	35	56	165
0	61	55	58	58	58	55	57	66	

076154832
0	7	12	3	20	20	48	21	16	147
0	48	28	42	5	32	6	10	3	174
0	6	15	16	32	5	7	24	42	147
0	61	55	61	57	57	61	55	61	

076253814
0	7	12	6	20	15	48	7	32	147
0	48	28	48	5	28	6	6	5	174
0	6	15	7	32	12	7	48	20	147
0	61	55	61	57	55	61	61	57	

076258431
0	7	12	6	20	40	24	21	8	138
0	48	28	48	5	12	21	10	2	174
0	6	15	7	32	6	10	24	56	156
0	61	55	61	57	58	55	55	66	

076428531
0	7	12	12	8	40	30	21	8	138
0	48	28	6	35	12	24	10	2	165
0	6	15	40	14	6	4	24	56	165
0	61	55	58	57	58	58	55	66	

076431852
0	7	12	12	12	5	48	35	16	147
0	48	28	6	40	20	6	14	3	165
0	6	15	40	6	32	7	8	42	156
0	61	55	58	58	57	61	57	61	

076438251
0	7	12	12	12	40	12	35	8	138
0	48	28	6	40	12	15	14	2	165
0	6	15	40	6	6	28	8	56	165
0	61	55	58	58	58	55	57	66	

076531482
0	7	12	15	12	5	24	56	16	147
0	48	28	12	40	20	21	2	3	174
0	6	15	28	6	32	10	8	42	147
0	61	55	55	58	57	55	66	61	

081576243
0	8	2	15	28	30	12	28	24	147
0	56	56	12	15	4	15	12	4	174
0	2	8	28	12	24	28	15	30	147
0	66	66	55	55	58	55	55	58	

081576324
0	8	2	15	28	30	18	14	32	147
0	56	56	12	15	4	18	8	5	174
0	2	8	28	12	24	18	35	20	147
0	66	66	55	55	58	54	57	57	

081657243
0	8	2	18	20	35	12	28	24	147
0	56	56	18	5	8	15	12	4	174
0	2	8	18	32	14	28	15	30	147
0	66	66	54	57	57	55	55	58	

081657324
0	8	2	18	20	35	18	14	32	147
0	56	56	18	5	8	18	8	5	174
0	2	8	18	32	14	18	35	20	147
0	66	66	54	57	57	54	57	57	

083572164
0	8	6	15	28	10	6	42	32	147
0	56	7	12	15	24	12	16	5	147
0	2	48	28	12	21	40	3	20	174
0	66	61	55	55	55	58	61	57	

083617524
0	8	6	18	4	35	30	14	32	147
0	56	7	18	30	8	24	8	5	156
0	2	48	18	24	14	4	35	20	165
0	66	61	54	58	57	58	57	57	

083761542
0	8	6	21	24	5	30	28	16	138
0	56	7	24	10	20	24	12	3	156
0	2	48	10	21	32	4	15	42	174
0	66	61	55	55	57	58	55	61	

083762514
0	8	6	21	24	10	30	7	32	138
0	56	7	24	10	24	24	6	5	156
0	2	48	10	21	21	4	48	20	174
0	66	61	55	55	55	58	61	57	

083764215
0	8	6	21	24	20	12	7	40	138
0	56	7	24	10	32	15	6	6	156
0	2	48	10	21	5	28	48	12	174
0	66	61	55	55	57	55	61	58	

084276135
0	8	8	6	28	30	6	21	40	147
0	56	14	48	15	4	12	10	6	165
0	2	35	7	12	24	40	24	12	156
0	66	57	61	55	58	58	55	58	

084631725
0	8	8	18	12	5	42	14	40	147
0	56	14	18	40	20	3	8	6	165
0	2	35	18	6	32	16	35	12	156
0	66	57	54	58	57	61	57	58	

084651327
0	8	8	18	20	5	18	14	56	147
0	56	14	18	5	20	18	8	8	147
0	2	35	18	32	32	18	35	2	174
0	66	57	54	57	57	54	57	66	

084652137
0	8	8	18	20	10	6	21	56	147
0	56	14	18	5	24	12	10	8	147
0	2	35	18	32	21	40	24	2	174
0	66	57	54	57	55	58	55	66	

084716532
0	8	8	21	4	30	30	21	16	138
0	56	14	24	30	4	24	10	3	165
0	2	35	10	24	24	4	24	42	165
0	66	57	55	58	58	58	55	61	

084736215
0	8	8	21	12	30	12	7	40	138
0	56	14	24	40	4	15	6	6	165
0	2	35	10	6	24	28	48	12	165
0	66	57	55	58	58	55	61	58	

084751362
0	8	8	21	20	5	18	42	16	138
0	56	14	24	5	20	18	16	3	156
0	2	35	10	32	32	18	3	42	174
0	66	57	55	57	57	54	61	61	

085261743
0	8	10	6	24	5	42	28	24	147
0	56	21	48	10	20	3	12	4	174
0	2	24	7	21	32	16	15	30	147
0	66	55	61	55	57	61	55	58	

085417263
0	8	10	12	4	35	12	42	24	147
0	56	21	6	30	8	15	16	4	156
0	2	24	40	24	14	28	3	30	165
0	66	55	58	58	57	55	61	58	

085461327
0	8	10	12	24	5	18	14	56	147
0	56	21	6	10	20	18	8	8	147
0	2	24	40	21	32	18	35	2	174
0	66	55	58	55	57	54	57	66	

085462137
0	8	10	12	24	10	6	21	56	147
0	56	21	6	10	24	12	10	8	147
0	2	24	40	21	21	40	24	2	174
0	66	55	58	55	55	58	55	66	

085736241
0	8	10	21	12	30	12	28	8	129
0	56	21	24	40	4	15	12	2	174
0	2	24	10	6	24	28	15	56	165
0	66	55	55	58	58	55	55	66	

086257314
0	8	12	6	20	35	18	7	32	138
0	56	28	48	5	8	18	6	5	174
0	2	15	7	32	14	18	48	20	156
0	66	55	61	57	57	54	61	57	

086417532
0	8	12	12	4	35	30	21	16	138
0	56	28	6	30	8	24	10	3	165
0	2	15	40	24	14	4	24	42	165
0	66	55	58	58	57	58	55	61	

086437215
0	8	12	12	12	35	12	7	40	138
0	56	28	6	40	8	15	6	6	165
0	2	15	40	6	14	28	48	12	165
0	66	55	58	58	57	55	61	58	

086472531
0	8	12	12	28	10	30	21	8	129
0	56	28	6	15	24	24	10	2	165
0	2	15	40	12	21	4	24	56	174
0	66	55	58	55	55	58	55	66	

086514732
0	8	12	15	4	20	42	21	16	138
0	56	28	12	30	32	3	10	3	174
0	2	15	28	24	5	16	24	42	156
0	66	55	55	58	57	61	55	61	

086531742
0	8	12	15	12	5	42	28	16	138
0	56	28	12	40	20	3	12	3	174
0	2	15	28	6	32	16	15	42	156
0	66	55	55	58	57	61	55	61	

086532714
0	8	12	15	12	10	42	7	32	138
0	56	28	12	40	24	3	6	5	174
0	2	15	28	6	21	16	48	20	156
0	66	55	55	58	55	61	61	57	

087462513
0	8	14	12	24	10	30	7	24	129
0	56	35	6	10	24	24	6	4	165
0	2	8	40	21	21	4	48	30	174
0	66	57	58	55	55	58	61	58	

087536142
0	8	14	15	12	30	6	28	16	129
0	56	35	12	40	4	12	12	3	174
0	2	8	28	6	24	40	15	42	165
0	66	57	55	58	58	58	55	61	

087654321
0	8	14	18	20	20	18	14	8	120
0	56	35	18	5	32	18	8	2	174
0	2	8	18	32	5	18	35	56	174
0	66	57	54	57	57	54	57	66	

