(0 2 4 6 1 3 5) 1
(0 2 5 1 6 4 3) 2
(0 2 6 5 3 1 4) 2
(0 3 1 6 5 2 4) 2
(0 3 5 2 1 6 4) 2
(0 3 6 1 5 4 2) 2
(0 3 6 2 5 1 4) 3
(0 3 6 4 2 1 5) 2
(0 4 1 5 2 6 3) 4
(0 4 3 1 6 2 5) 2
(0 4 6 2 5 3 1) 2
(0 5 1 4 6 3 2) 2
(0 5 3 1 6 4 2) 5
(0 5 3 2 6 1 4) 2
(0 5 3 6 2 4 1) 2
(0 5 4 1 3 6 2) 2
(0 6 3 5 1 4 2) 2
(0 6 4 2 5 1 3) 2
(0 6 5 4 3 2 1) 6
(1 0 4 6 2 5 3) 2
(1 0 5 3 6 2 4) 2
(1 0 6 5 4 3 2) 7
(1 3 0 6 4 2 5) 2
(1 3 5 0 2 4 6) 8
(1 3 6 2 0 5 4) 2
(1 4 0 2 6 5 3) 2
(1 4 0 3 6 2 5) 9
(1 4 0 5 3 2 6) 2
(1 4 2 0 6 3 5) 2
(1 4 6 3 2 0 5) 2
(1 5 0 3 6 4 2) 2
(1 5 2 6 3 0 4) 10
(1 5 4 2 0 3 6) 2
(1 6 2 5 0 4 3) 2
(1 6 4 0 3 5 2) 2
(1 6 4 2 0 5 3) 11
(1 6 4 3 0 2 5) 2
(1 6 5 2 4 0 3) 2
(2 0 3 6 1 5 4) 2
(2 0 5 1 4 6 3) 2
(2 0 5 3 1 6 4) 12
(2 0 5 4 1 3 6) 2
(2 0 6 3 5 1 4) 2
(2 1 0 6 5 4 3) 13
(2 1 5 0 3 6 4) 2
(2 1 6 4 0 3 5) 2
(2 4 0 3 1 6 5) 2
(2 4 1 0 5 3 6) 2
(2 4 6 1 3 5 0) 14
(2 5 0 4 3 1 6) 2
(2 5 1 3 0 6 4) 2
(2 5 1 4 0 3 6) 15
(2 5 1 6 4 3 0) 2
(2 5 3 1 0 4 6) 2
(2 6 1 4 0 5 3) 2
(2 6 3 0 4 1 5) 16
(2 6 5 3 1 4 0) 2
(3 0 2 5 1 6 4) 2
(3 0 4 1 5 2 6) 17
(3 0 6 4 2 5 1) 2
(3 1 0 4 6 2 5) 2
(3 1 4 0 2 6 5) 2
(3 1 6 2 5 0 4) 2
(3 1 6 4 2 0 5) 18
(3 1 6 5 2 4 0) 2
(3 2 0 5 1 4 6) 2
(3 2 1 0 6 5 4) 19
(3 2 6 1 4 0 5) 2
(3 5 0 2 4 6 1) 20
(3 5 1 4 2 0 6) 2
(3 5 2 1 6 4 0) 2
(3 6 1 5 4 2 0) 2
(3 6 2 0 5 4 1) 2
(3 6 2 4 1 0 5) 2
(3 6 2 5 1 4 0) 21
(3 6 4 2 1 5 0) 2
(4 0 2 6 5 3 1) 2
(4 0 3 1 6 5 2) 2
(4 0 3 5 2 1 6) 2
(4 0 3 6 2 5 1) 22
(4 0 5 3 2 6 1) 2
(4 1 0 5 3 6 2) 2
(4 1 3 6 2 0 5) 2
(4 1 5 2 6 3 0) 23
(4 2 0 3 6 1 5) 2
(4 2 0 5 3 1 6) 24
(4 2 0 6 3 5 1) 2
(4 2 1 5 0 3 6) 2
(4 2 5 1 3 0 6) 2
(4 3 0 2 5 1 6) 2
(4 3 1 6 2 5 0) 2
(4 3 2 1 0 6 5) 25
(4 6 1 3 5 0 2) 26
(4 6 2 5 3 1 0) 2
(4 6 3 2 0 5 1) 2
(5 0 2 4 6 1 3) 27
(5 0 3 6 4 2 1) 2
(5 0 4 3 1 6 2) 2
(5 1 3 0 6 4 2) 2
(5 1 4 0 3 6 2) 28
(5 1 4 2 0 6 3) 2
(5 1 4 6 3 2 0) 2
(5 1 6 4 3 0 2) 2
(5 2 1 6 4 0 3) 2
(5 2 4 0 3 1 6) 2
(5 2 6 3 0 4 1) 29
(5 3 1 0 4 6 2) 2
(5 3 1 4 0 2 6) 2
(5 3 1 6 4 2 0) 30
(5 3 2 6 1 4 0) 2
(5 3 6 2 4 1 0) 2
(5 4 1 3 6 2 0) 2
(5 4 2 0 3 6 1) 2
(5 4 3 2 1 0 6) 31
(6 1 3 5 0 2 4) 32
(6 1 4 0 5 3 2) 2
(6 1 5 4 2 0 3) 2
(6 2 0 5 4 1 3) 2
(6 2 4 1 0 5 3) 2
(6 2 5 0 4 3 1) 2
(6 2 5 1 4 0 3) 33
(6 2 5 3 1 0 4) 2
(6 3 0 4 1 5 2) 34
(6 3 2 0 5 1 4) 2
(6 3 5 1 4 2 0) 2
(6 4 0 3 5 2 1) 2
(6 4 2 0 5 3 1) 35
(6 4 2 1 5 0 3) 2
(6 4 2 5 1 3 0) 2
(6 4 3 0 2 5 1) 2
(6 5 2 4 0 3 1) 2
(6 5 3 1 4 0 2) 2
(6 5 4 3 2 1 0) 36
