(0 2 4 6 1 3 5) 1
(0 2 5 1 6 4 3) 2
(0 2 6 5 3 1 4) 2
(0 3 1 6 5 2 4) 2
(0 3 5 2 1 6 4) 2
(0 3 6 1 5 4 2) 2
(0 3 6 2 5 1 4) 2
(0 3 6 4 2 1 5) 2
(0 4 1 5 2 6 3) 3
(0 4 3 1 6 2 5) 2
(0 4 6 2 5 3 1) 2
(0 5 1 4 6 3 2) 2
(0 5 3 1 6 4 2) 2
(0 5 3 2 6 1 4) 2
(0 5 3 6 2 4 1) 2
(0 5 4 1 3 6 2) 2
(0 6 3 5 1 4 2) 2
(0 6 4 2 5 1 3) 2
(0 6 5 4 3 2 1) 4
(1 0 4 6 2 5 3) 2
(1 0 5 3 6 2 4) 2
(1 0 6 5 4 3 2) 5
(1 3 0 6 4 2 5) 2
(1 3 5 0 2 4 6) 6
(1 3 6 2 0 5 4) 2
(1 4 0 2 6 5 3) 2
(1 4 0 3 6 2 5) 2
(1 4 0 5 3 2 6) 2
(1 4 2 0 6 3 5) 2
(1 4 6 3 2 0 5) 2
(1 5 0 3 6 4 2) 2
(1 5 2 6 3 0 4) 7
(1 5 4 2 0 3 6) 2
(1 6 2 5 0 4 3) 2
(1 6 4 0 3 5 2) 2
(1 6 4 2 0 5 3) 2
(1 6 4 3 0 2 5) 2
(1 6 5 2 4 0 3) 2
(2 0 3 6 1 5 4) 2
(2 0 5 1 4 6 3) 2
(2 0 5 3 1 6 4) 2
(2 0 5 4 1 3 6) 2
(2 0 6 3 5 1 4) 2
(2 1 0 6 5 4 3) 8
(2 1 5 0 3 6 4) 2
(2 1 6 4 0 3 5) 2
(2 4 0 3 1 6 5) 2
(2 4 1 0 5 3 6) 2
(2 4 6 1 3 5 0) 9
(2 5 0 4 3 1 6) 2
(2 5 1 3 0 6 4) 2
(2 5 1 4 0 3 6) 2
(2 5 1 6 4 3 0) 2
(2 5 3 1 0 4 6) 2
(2 6 1 4 0 5 3) 2
(2 6 3 0 4 1 5) 10
(2 6 5 3 1 4 0) 2
(3 0 2 5 1 6 4) 2
(3 0 4 1 5 2 6) 11
(3 0 6 4 2 5 1) 2
(3 1 0 4 6 2 5) 2
(3 1 4 0 2 6 5) 2
(3 1 6 2 5 0 4) 2
(3 1 6 4 2 0 5) 2
(3 1 6 5 2 4 0) 2
(3 2 0 5 1 4 6) 2
(3 2 1 0 6 5 4) 12
(3 2 6 1 4 0 5) 2
(3 5 0 2 4 6 1) 13
(3 5 1 4 2 0 6) 2
(3 5 2 1 6 4 0) 2
(3 6 1 5 4 2 0) 2
(3 6 2 0 5 4 1) 2
(3 6 2 4 1 0 5) 2
(3 6 2 5 1 4 0) 2
(3 6 4 2 1 5 0) 2
(4 0 2 6 5 3 1) 2
(4 0 3 1 6 5 2) 2
(4 0 3 5 2 1 6) 2
(4 0 3 6 2 5 1) 2
(4 0 5 3 2 6 1) 2
(4 1 0 5 3 6 2) 2
(4 1 3 6 2 0 5) 2
(4 1 5 2 6 3 0) 14
(4 2 0 3 6 1 5) 2
(4 2 0 5 3 1 6) 2
(4 2 0 6 3 5 1) 2
(4 2 1 5 0 3 6) 2
(4 2 5 1 3 0 6) 2
(4 3 0 2 5 1 6) 2
(4 3 1 6 2 5 0) 2
(4 3 2 1 0 6 5) 15
(4 6 1 3 5 0 2) 16
(4 6 2 5 3 1 0) 2
(4 6 3 2 0 5 1) 2
(5 0 2 4 6 1 3) 17
(5 0 3 6 4 2 1) 2
(5 0 4 3 1 6 2) 2
(5 1 3 0 6 4 2) 2
(5 1 4 0 3 6 2) 2
(5 1 4 2 0 6 3) 2
(5 1 4 6 3 2 0) 2
(5 1 6 4 3 0 2) 2
(5 2 1 6 4 0 3) 2
(5 2 4 0 3 1 6) 2
(5 2 6 3 0 4 1) 18
(5 3 1 0 4 6 2) 2
(5 3 1 4 0 2 6) 2
(5 3 1 6 4 2 0) 2
(5 3 2 6 1 4 0) 2
(5 3 6 2 4 1 0) 2
(5 4 1 3 6 2 0) 2
(5 4 2 0 3 6 1) 2
(5 4 3 2 1 0 6) 19
(6 1 3 5 0 2 4) 20
(6 1 4 0 5 3 2) 2
(6 1 5 4 2 0 3) 2
(6 2 0 5 4 1 3) 2
(6 2 4 1 0 5 3) 2
(6 2 5 0 4 3 1) 2
(6 2 5 1 4 0 3) 2
(6 2 5 3 1 0 4) 2
(6 3 0 4 1 5 2) 21
(6 3 2 0 5 1 4) 2
(6 3 5 1 4 2 0) 2
(6 4 0 3 5 2 1) 2
(6 4 2 0 5 3 1) 2
(6 4 2 1 5 0 3) 2
(6 4 2 5 1 3 0) 2
(6 4 3 0 2 5 1) 2
(6 5 2 4 0 3 1) 2
(6 5 3 1 4 0 2) 2
(6 5 4 3 2 1 0) 22
