(0 3 6 2 5 1 4) 1
(0 4 1 5 2 6 3) 2
(0 5 3 1 6 4 2) 3
(0 6 5 4 3 2 1) 4
(1 0 6 5 4 3 2) 5
(1 4 0 3 6 2 5) 6
(1 5 2 6 3 0 4) 7
(1 6 4 2 0 5 3) 8
(2 0 5 3 1 6 4) 9
(2 1 0 6 5 4 3) 10
(2 5 1 4 0 3 6) 11
(2 6 3 0 4 1 5) 12
(3 0 4 1 5 2 6) 13
(3 1 6 4 2 0 5) 14
(3 2 1 0 6 5 4) 15
(3 6 2 5 1 4 0) 16
(4 0 3 6 2 5 1) 17
(4 1 5 2 6 3 0) 18
(4 2 0 5 3 1 6) 19
(4 3 2 1 0 6 5) 20
(5 1 4 0 3 6 2) 21
(5 2 6 3 0 4 1) 22
(5 3 1 6 4 2 0) 23
(5 4 3 2 1 0 6) 24
(6 2 5 1 4 0 3) 25
(6 3 0 4 1 5 2) 26
(6 4 2 0 5 3 1) 27
(6 5 4 3 2 1 0) 28
