(0 2 1 6 8 7 3 5 4) 1
(0 2 1 6 8 7 4 3 5) 2
(0 2 1 7 6 8 3 5 4) 2
(0 2 1 7 6 8 4 3 5) 2
(0 2 4 6 8 1 3 5 7) 3
(0 2 4 7 1 8 5 3 6) 2
(0 2 4 8 7 3 1 6 5) 2
(0 2 5 1 8 7 3 6 4) 2
(0 2 5 7 1 3 8 6 4) 2
(0 2 5 7 1 4 8 3 6) 2
(0 2 5 7 3 1 8 4 6) 2
(0 2 5 8 1 7 4 6 3) 2
(0 2 5 8 3 7 1 4 6) 2
(0 2 5 8 6 3 1 4 7) 2
(0 2 6 1 7 4 8 3 5) 2
(0 2 6 5 1 8 4 3 7) 2
(0 2 6 8 3 7 4 1 5) 2
(0 2 6 8 7 3 5 4 1) 2
(0 2 6 8 7 4 3 5 1) 2
(0 2 7 1 6 8 5 4 3) 2
(0 2 7 5 1 8 4 6 3) 2
(0 2 7 5 3 8 1 4 6) 2
(0 2 7 5 8 4 3 1 6) 2
(0 2 7 6 1 4 8 5 3) 2
(0 2 7 6 8 3 5 4 1) 2
(0 2 7 6 8 4 3 5 1) 4
(0 2 8 5 7 1 4 6 3) 2
(0 2 8 5 7 3 1 6 4) 2
(0 2 8 5 7 4 1 3 6) 2
(0 2 8 6 3 7 1 5 4) 2
(0 2 8 7 6 3 5 1 4) 2
(0 3 1 6 8 2 7 5 4) 2
(0 3 1 7 5 8 2 4 6) 2
(0 3 1 8 7 6 4 2 5) 2
(0 3 5 1 8 2 7 6 4) 2
(0 3 5 1 8 6 2 4 7) 2
(0 3 5 2 8 1 7 4 6) 2
(0 3 5 7 1 4 2 8 6) 2
(0 3 5 8 1 4 7 2 6) 2
(0 3 5 8 1 6 4 2 7) 2
(0 3 5 8 2 6 1 4 7) 2
(0 3 6 1 5 8 2 4 7) 2
(0 3 6 1 7 2 5 8 4) 2
(0 3 6 1 7 4 2 8 5) 2
(0 3 6 2 1 8 7 5 4) 2
(0 3 6 2 7 1 4 8 5) 2
(0 3 6 4 1 8 2 5 7) 2
(0 3 6 8 1 4 7 5 2) 2
(0 3 6 8 2 4 7 1 5) 2
(0 3 6 8 5 2 4 1 7) 2
(0 3 7 1 8 6 5 4 2) 2
(0 3 7 2 5 8 1 4 6) 2
(0 3 7 2 8 6 4 1 5) 2
(0 3 7 4 1 8 5 2 6) 2
(0 3 7 4 2 8 1 6 5) 2
(0 3 7 4 8 2 5 1 6) 2
(0 3 7 6 2 4 1 8 5) 2
(0 3 8 1 7 6 5 2 4) 2
(0 3 8 2 7 6 1 5 4) 2
(0 3 8 4 7 1 5 2 6) 2
(0 3 8 6 5 1 4 2 7) 2
(0 3 8 7 2 6 5 1 4) 2
(0 3 8 7 5 1 4 6 2) 2
(0 3 8 7 5 4 2 1 6) 2
(0 4 1 5 8 2 7 3 6) 2
(0 4 1 7 2 6 8 3 5) 2
(0 4 1 7 5 2 8 3 6) 2
(0 4 1 7 6 3 2 8 5) 2
(0 4 1 8 5 7 3 2 6) 2
(0 4 1 8 6 2 7 5 3) 2
(0 4 1 8 6 3 7 2 5) 2
(0 4 3 1 8 7 2 6 5) 2
(0 4 3 7 2 1 8 6 5) 2
(0 4 3 8 1 7 5 2 6) 2
(0 4 3 8 2 7 1 6 5) 2
(0 4 3 8 6 2 1 5 7) 2
(0 4 6 1 3 7 2 8 5) 2
(0 4 6 1 5 2 8 3 7) 2
(0 4 6 5 1 3 2 8 7) 2
(0 4 6 5 2 1 3 8 7) 2
(0 4 6 8 3 2 7 5 1) 2
(0 4 7 1 3 6 8 2 5) 2
(0 4 7 1 5 2 8 6 3) 2
(0 4 7 1 6 2 5 8 3) 2
(0 4 7 2 1 6 8 5 3) 2
(0 4 7 2 6 3 1 8 5) 2
(0 4 7 2 8 6 3 5 1) 2
(0 4 7 5 3 2 1 8 6) 2
(0 4 8 1 5 7 2 6 3) 2
(0 4 8 2 5 7 1 3 6) 2
(0 4 8 2 6 1 7 5 3) 2
(0 4 8 5 2 1 7 6 3) 2
(0 4 8 5 2 6 1 3 7) 2
(0 4 8 5 3 1 7 2 6) 2
(0 4 8 7 2 6 5 3 1) 2
(0 4 8 7 3 6 2 5 1) 2
(0 4 8 7 5 3 2 6 1) 2
(0 5 1 4 7 2 8 3 6) 2
(0 5 1 6 2 7 3 8 4) 5
(0 5 1 8 6 3 7 4 2) 2
(0 5 3 1 6 8 2 4 7) 2
(0 5 3 1 7 2 8 6 4) 2
(0 5 3 2 7 1 8 4 6) 2
(0 5 3 6 2 1 8 4 7) 2
(0 5 3 8 1 7 4 6 2) 2
(0 5 3 8 6 2 4 1 7) 2
(0 5 3 8 7 2 4 6 1) 2
(0 5 4 2 1 8 7 3 6) 2
(0 5 4 2 7 1 3 8 6) 2
(0 5 4 6 1 3 2 8 7) 2
(0 5 4 6 2 1 3 8 7) 6
(0 5 4 8 1 3 7 6 2) 2
(0 5 4 8 2 6 3 1 7) 2
(0 5 4 8 3 2 7 1 6) 2
(0 5 7 1 3 6 8 4 2) 2
(0 5 7 1 6 4 3 8 2) 2
(0 5 7 4 1 3 8 6 2) 2
(0 5 7 4 2 8 3 6 1) 2
(0 5 7 4 3 2 8 1 6) 2
(0 5 7 6 2 4 3 8 1) 7
(0 5 7 6 3 2 4 8 1) 2
(0 5 8 1 6 4 7 3 2) 2
(0 5 8 2 6 3 7 1 4) 2
(0 5 8 2 7 6 4 3 1) 2
(0 5 8 4 3 7 2 1 6) 2
(0 5 8 4 6 3 2 1 7) 2
(0 5 8 4 7 3 2 6 1) 2
(0 5 8 6 2 4 7 3 1) 2
(0 6 1 4 7 2 8 5 3) 2
(0 6 1 4 7 3 8 2 5) 2
(0 6 1 4 8 7 3 5 2) 2
(0 6 1 5 2 8 7 4 3) 2
(0 6 1 5 7 2 4 8 3) 2
(0 6 1 5 8 3 7 4 2) 2
(0 6 1 7 5 3 8 4 2) 2
(0 6 3 1 7 4 8 2 5) 2
(0 6 3 1 8 7 5 4 2) 2
(0 6 3 2 8 7 4 1 5) 2
(0 6 3 5 1 8 4 2 7) 2
(0 6 3 5 2 8 1 4 7) 2
(0 6 3 5 8 2 4 1 7) 2
(0 6 3 7 1 4 8 5 2) 2
(0 6 3 7 2 4 8 1 5) 2
(0 6 3 7 2 8 5 4 1) 2
(0 6 4 1 3 8 7 2 5) 2
(0 6 4 1 5 8 3 2 7) 2
(0 6 4 1 7 2 5 8 3) 2
(0 6 4 2 1 8 7 5 3) 2
(0 6 4 2 7 3 1 8 5) 2
(0 6 4 2 8 3 7 1 5) 2
(0 6 4 7 1 3 5 8 2) 2
(0 6 5 2 1 7 4 8 3) 2
(0 6 5 2 8 3 7 4 1) 2
(0 6 5 4 1 3 8 2 7) 2
(0 6 5 7 2 4 3 8 1) 2
(0 6 5 7 3 2 4 8 1) 2
(0 6 8 2 5 7 4 1 3) 2
(0 6 8 4 2 7 5 1 3) 2
(0 6 8 4 3 7 1 5 2) 2
(0 6 8 4 7 3 5 2 1) 2
(0 6 8 5 2 4 7 1 3) 2
(0 7 1 4 6 8 2 5 3) 2
(0 7 1 5 8 6 4 3 2) 2
(0 7 1 6 5 3 8 2 4) 2
(0 7 3 1 6 8 5 2 4) 2
(0 7 3 2 6 8 1 5 4) 2
(0 7 3 5 2 8 1 6 4) 2
(0 7 3 5 8 1 4 6 2) 2
(0 7 3 5 8 4 2 1 6) 2
(0 7 3 6 8 4 2 5 1) 2
(0 7 3 8 6 4 1 5 2) 2
(0 7 4 1 5 8 2 6 3) 2
(0 7 4 1 8 6 5 3 2) 2
(0 7 4 2 5 8 1 3 6) 2
(0 7 4 6 2 1 5 8 3) 2
(0 7 4 8 2 6 5 1 3) 2
(0 7 4 8 3 6 1 5 2) 2
(0 7 4 8 5 3 1 6 2) 2
(0 7 5 1 3 6 8 2 4) 2
(0 7 5 1 6 4 2 8 3) 2
(0 7 5 2 6 1 4 8 3) 2
(0 7 5 2 6 3 1 8 4) 2
(0 7 5 2 8 6 4 3 1) 2
(0 7 5 4 2 1 8 6 3) 2
(0 7 5 4 3 1 8 2 6) 2
(0 7 5 4 8 3 2 6 1) 2
(0 7 5 8 3 6 4 2 1) 2
(0 7 6 1 5 4 8 3 2) 2
(0 7 6 2 5 3 8 1 4) 2
(0 7 6 2 5 8 4 3 1) 2
(0 7 6 4 2 8 5 3 1) 2
(0 7 6 4 3 1 8 5 2) 2
(0 7 6 4 3 8 2 5 1) 2
(0 7 6 5 3 1 4 8 2) 2
(0 8 1 5 7 6 2 4 3) 2
(0 8 1 5 7 6 3 2 4) 2
(0 8 1 6 5 7 2 4 3) 2
(0 8 1 6 5 7 3 2 4) 8
(0 8 3 5 7 2 1 6 4) 2
(0 8 3 6 1 7 5 2 4) 2
(0 8 3 7 6 1 5 4 2) 2
(0 8 3 7 6 2 5 1 4) 2
(0 8 3 7 6 4 2 1 5) 2
(0 8 4 2 7 6 1 3 5) 2
(0 8 4 6 3 1 7 2 5) 2
(0 8 4 6 5 1 3 2 7) 9
(0 8 4 6 5 2 1 3 7) 2
(0 8 4 7 1 6 5 3 2) 2
(0 8 4 7 3 6 2 1 5) 2
(0 8 4 7 5 1 3 6 2) 2
(0 8 5 2 6 1 7 4 3) 2
(0 8 5 4 1 7 2 6 3) 2
(0 8 5 4 6 1 3 2 7) 2
(0 8 5 4 6 2 1 3 7) 2
(0 8 5 7 3 6 2 4 1) 2
(0 8 6 2 5 7 3 1 4) 2
(0 8 6 4 1 7 5 3 2) 2
(0 8 6 4 3 7 2 1 5) 2
(0 8 6 4 7 2 5 3 1) 2
(0 8 6 5 1 4 7 3 2) 2
(0 8 6 5 3 1 7 4 2) 2
(0 8 6 5 3 2 7 1 4) 2
(0 8 7 4 6 2 5 1 3) 2
(0 8 7 5 3 6 1 4 2) 2
(0 8 7 6 5 4 3 2 1) 10
(1 0 2 6 8 7 3 5 4) 2
(1 0 2 6 8 7 4 3 5) 2
(1 0 2 7 6 8 3 5 4) 2
(1 0 2 7 6 8 4 3 5) 11
(1 0 4 6 8 3 2 7 5) 2
(1 0 4 7 2 8 6 3 5) 2
(1 0 4 8 7 2 6 5 3) 2
(1 0 4 8 7 3 6 2 5) 2
(1 0 4 8 7 5 3 2 6) 2
(1 0 5 3 8 7 2 4 6) 2
(1 0 5 7 4 2 8 3 6) 2
(1 0 5 7 6 2 4 3 8) 12
(1 0 5 7 6 3 2 4 8) 2
(1 0 5 8 2 7 6 4 3) 2
(1 0 5 8 4 7 3 2 6) 2
(1 0 5 8 6 2 4 7 3) 2
(1 0 6 3 7 2 8 5 4) 2
(1 0 6 5 2 8 3 7 4) 2
(1 0 6 5 7 2 4 3 8) 2
(1 0 6 5 7 3 2 4 8) 2
(1 0 6 8 4 7 3 5 2) 2
(1 0 7 3 6 8 4 2 5) 2
(1 0 7 5 2 8 6 4 3) 2
(1 0 7 5 4 8 3 2 6) 2
(1 0 7 5 8 3 6 4 2) 2
(1 0 7 6 2 5 8 4 3) 2
(1 0 7 6 4 2 8 5 3) 2
(1 0 7 6 4 3 8 2 5) 2
(1 0 8 5 7 3 6 2 4) 2
(1 0 8 6 4 7 2 5 3) 2
(1 0 8 7 6 5 4 3 2) 13
(1 3 0 6 8 2 5 7 4) 2
(1 3 0 6 8 4 2 7 5) 2
(1 3 0 6 8 5 2 4 7) 2
(1 3 0 7 4 8 2 6 5) 2
(1 3 0 8 7 4 6 2 5) 2
(1 3 2 7 0 8 4 6 5) 14
(1 3 2 7 0 8 5 4 6) 2
(1 3 2 8 7 0 4 6 5) 2
(1 3 2 8 7 0 5 4 6) 2
(1 3 5 0 8 4 2 7 6) 2
(1 3 5 7 0 2 4 6 8) 15
(1 3 5 8 2 0 6 4 7) 2
(1 3 6 0 2 8 5 7 4) 2
(1 3 6 0 4 8 2 5 7) 2
(1 3 6 0 7 4 2 5 8) 2
(1 3 6 2 0 8 4 7 5) 2
(1 3 6 8 2 4 0 7 5) 2
(1 3 6 8 2 5 0 4 7) 2
(1 3 6 8 4 2 0 5 7) 2
(1 3 7 0 4 8 5 2 6) 2
(1 3 7 0 8 4 6 5 2) 2
(1 3 7 0 8 5 4 6 2) 2
(1 3 7 2 8 5 0 4 6) 2
(1 3 7 6 2 0 5 4 8) 2
(1 3 8 2 7 0 6 5 4) 2
(1 3 8 6 0 5 4 2 7) 2
(1 3 8 6 2 0 5 7 4) 2
(1 3 8 6 4 0 2 5 7) 2
(1 3 8 7 0 4 6 5 2) 2
(1 3 8 7 0 5 4 6 2) 16
(1 3 8 7 2 5 0 6 4) 2
(1 4 0 2 8 7 6 3 5) 2
(1 4 0 3 8 7 2 6 5) 2
(1 4 0 5 8 2 6 3 7) 2
(1 4 0 7 6 2 5 3 8) 2
(1 4 0 8 3 7 6 2 5) 2
(1 4 0 8 6 2 5 7 3) 2
(1 4 0 8 6 5 3 2 7) 2
(1 4 2 0 8 7 5 3 6) 2
(1 4 2 7 0 3 8 6 5) 2
(1 4 2 8 6 0 3 5 7) 2
(1 4 6 0 2 5 8 3 7) 2
(1 4 6 0 2 7 5 3 8) 2
(1 4 6 0 3 7 2 5 8) 2
(1 4 6 2 0 3 8 7 5) 2
(1 4 6 2 0 7 3 5 8) 2
(1 4 6 3 0 2 8 5 7) 2
(1 4 6 8 2 5 3 0 7) 2
(1 4 7 0 2 5 8 6 3) 2
(1 4 7 0 3 5 8 2 6) 2
(1 4 7 0 6 3 5 2 8) 2
(1 4 7 2 6 0 3 5 8) 2
(1 4 7 2 8 3 6 0 5) 2
(1 4 7 2 8 5 3 0 6) 2
(1 4 7 3 2 0 8 6 5) 2
(1 4 7 3 8 2 5 0 6) 2
(1 4 7 5 2 0 3 6 8) 2
(1 4 8 2 0 7 6 5 3) 2
(1 4 8 3 0 7 5 2 6) 2
(1 4 8 3 6 0 2 5 7) 2
(1 4 8 5 0 3 6 2 7) 2
(1 4 8 5 2 0 6 3 7) 2
(1 4 8 5 3 0 2 7 6) 2
(1 4 8 7 3 5 2 0 6) 2
(1 5 0 2 6 8 3 7 4) 2
(1 5 0 3 6 8 2 4 7) 2
(1 5 0 3 7 2 8 6 4) 2
(1 5 0 6 3 2 8 7 4) 2
(1 5 0 6 3 7 2 4 8) 2
(1 5 0 6 4 2 8 3 7) 2
(1 5 0 8 3 7 6 4 2) 2
(1 5 0 8 4 7 3 6 2) 2
(1 5 0 8 6 4 3 7 2) 2
(1 5 2 0 6 8 4 3 7) 2
(1 5 2 0 7 3 8 6 4) 2
(1 5 2 0 7 4 8 3 6) 2
(1 5 2 6 0 3 8 4 7) 2
(1 5 2 8 3 7 0 4 6) 2
(1 5 2 8 6 3 0 4 7) 2
(1 5 2 8 7 4 3 0 6) 2
(1 5 4 0 2 8 6 3 7) 2
(1 5 4 0 3 8 2 7 6) 2
(1 5 4 0 7 3 2 6 8) 2
(1 5 4 2 0 8 3 7 6) 2
(1 5 4 8 3 2 0 7 6) 2
(1 5 7 0 4 3 8 6 2) 2
(1 5 7 2 4 8 3 0 6) 2
(1 5 7 2 6 3 0 4 8) 2
(1 5 7 6 2 4 3 0 8) 2
(1 5 7 6 3 2 4 0 8) 2
(1 5 8 2 4 7 0 3 6) 2
(1 5 8 2 6 3 0 7 4) 2
(1 5 8 2 7 3 6 0 4) 2
(1 5 8 3 0 7 4 6 2) 2
(1 5 8 3 2 7 0 6 4) 2
(1 5 8 3 7 4 2 0 6) 2
(1 5 8 6 4 3 2 0 7) 2
(1 6 0 2 7 5 8 4 3) 2
(1 6 0 3 7 4 8 2 5) 2
(1 6 0 3 8 7 5 4 2) 2
(1 6 0 5 4 8 3 2 7) 2
(1 6 0 5 7 4 3 2 8) 2
(1 6 0 5 8 4 3 7 2) 2
(1 6 0 7 3 5 8 4 2) 2
(1 6 2 0 7 4 8 5 3) 2
(1 6 2 5 8 3 0 4 7) 2
(1 6 2 7 3 8 4 0 5) 17
(1 6 4 0 2 8 5 7 3) 2
(1 6 4 0 7 3 5 2 8) 2
(1 6 4 0 8 3 5 7 2) 2
(1 6 4 2 7 0 3 5 8) 2
(1 6 4 2 8 3 0 7 5) 2
(1 6 4 3 8 2 0 5 7) 2
(1 6 4 7 3 2 0 5 8) 2
(1 6 5 0 2 4 8 7 3) 2
(1 6 5 0 3 7 4 2 8) 2
(1 6 5 0 4 3 8 2 7) 2
(1 6 5 3 2 0 8 4 7) 2
(1 6 5 3 8 2 4 0 7) 2
(1 6 5 7 2 4 3 0 8) 2
(1 6 5 7 3 2 4 0 8) 18
(1 6 8 2 4 7 0 5 3) 2
(1 6 8 2 7 5 4 0 3) 2
(1 6 8 5 2 4 0 7 3) 2
(1 6 8 5 3 0 4 7 2) 2
(1 6 8 5 4 3 0 2 7) 2
(1 6 8 7 3 5 4 0 2) 19
(1 6 8 7 4 3 5 0 2) 2
(1 7 0 3 6 8 5 2 4) 2
(1 7 0 5 3 8 6 2 4) 2
(1 7 0 5 4 8 2 6 3) 2
(1 7 0 5 8 4 6 3 2) 2
(1 7 0 6 3 5 8 2 4) 2
(1 7 2 5 0 8 4 6 3) 2
(1 7 2 5 8 3 0 6 4) 2
(1 7 2 5 8 4 0 3 6) 2
(1 7 2 6 0 4 8 5 3) 2
(1 7 2 6 3 0 8 5 4) 2
(1 7 2 6 8 3 5 0 4) 2
(1 7 2 8 6 4 0 5 3) 2
(1 7 4 2 0 8 6 5 3) 2
(1 7 4 2 8 5 0 3 6) 2
(1 7 4 3 0 8 5 2 6) 2
(1 7 4 6 0 3 5 2 8) 2
(1 7 4 6 2 0 5 3 8) 2
(1 7 4 6 3 0 2 5 8) 2
(1 7 4 8 2 5 0 6 3) 2
(1 7 4 8 3 0 6 5 2) 2
(1 7 4 8 3 5 0 2 6) 2
(1 7 5 2 4 0 8 3 6) 2
(1 7 5 2 6 0 4 3 8) 2
(1 7 5 2 8 3 6 0 4) 2
(1 7 5 3 0 4 8 2 6) 2
(1 7 5 3 2 0 8 6 4) 2
(1 7 5 3 8 4 2 0 6) 2
(1 7 5 8 2 4 6 0 3) 2
(1 7 6 3 0 4 8 5 2) 2
(1 7 6 3 2 8 5 0 4) 2
(1 7 6 5 2 4 0 3 8) 2
(1 7 6 8 3 5 4 0 2) 2
(1 7 6 8 4 3 5 0 2) 2
(1 8 2 5 7 0 3 6 4) 2
(1 8 2 6 0 7 5 4 3) 2
(1 8 2 7 6 4 0 3 5) 2
(1 8 4 0 7 5 2 6 3) 2
(1 8 4 2 7 0 6 3 5) 2
(1 8 4 3 7 0 2 6 5) 2
(1 8 4 6 0 2 5 7 3) 2
(1 8 4 6 0 5 3 2 7) 2
(1 8 4 6 3 0 2 7 5) 2
(1 8 4 7 0 5 3 6 2) 2
(1 8 5 0 3 7 6 2 4) 2
(1 8 5 0 4 7 2 6 3) 2
(1 8 5 0 6 4 2 7 3) 2
(1 8 5 2 0 7 6 4 3) 2
(1 8 5 2 6 0 3 7 4) 2
(1 8 5 3 6 0 2 4 7) 2
(1 8 5 7 3 2 6 0 4) 2
(1 8 6 0 4 7 5 3 2) 2
(1 8 6 2 4 7 0 3 5) 2
(1 8 6 2 7 5 3 0 4) 2
(1 8 6 3 0 7 5 4 2) 2
(1 8 6 3 7 2 5 0 4) 2
(1 8 6 3 7 4 2 0 5) 2
(1 8 6 5 0 4 3 7 2) 2
(1 8 6 5 3 2 0 7 4) 2
(1 8 6 5 4 2 0 3 7) 2
(1 8 7 2 6 5 0 4 3) 2
(1 8 7 3 6 0 5 4 2) 2
(1 8 7 3 6 4 0 2 5) 2
(1 8 7 5 3 0 6 4 2) 2
(1 8 7 5 4 0 3 6 2) 2
(1 8 7 5 4 2 0 6 3) 2
(1 8 7 6 4 2 5 0 3) 2
(2 0 3 6 8 1 4 7 5) 2
(2 0 3 7 1 8 6 5 4) 2
(2 0 3 8 7 5 1 4 6) 2
(2 0 5 1 8 6 3 7 4) 2
(2 0 5 3 8 1 7 4 6) 2
(2 0 5 4 8 1 3 7 6) 2
(2 0 5 7 1 3 6 8 4) 2
(2 0 5 7 1 6 4 3 8) 2
(2 0 5 7 4 1 3 8 6) 2
(2 0 5 8 1 6 4 7 3) 2
(2 0 6 1 4 8 7 3 5) 2
(2 0 6 1 5 8 3 7 4) 2
(2 0 6 1 7 5 3 8 4) 2
(2 0 6 3 1 8 7 5 4) 2
(2 0 6 3 7 1 4 8 5) 2
(2 0 6 4 7 1 3 5 8) 2
(2 0 6 8 4 3 7 1 5) 2
(2 0 7 1 5 8 6 4 3) 2
(2 0 7 3 5 8 1 4 6) 2
(2 0 7 3 8 6 4 1 5) 2
(2 0 7 4 1 8 6 5 3) 2
(2 0 7 4 8 3 6 1 5) 2
(2 0 7 4 8 5 3 1 6) 2
(2 0 7 6 1 5 4 8 3) 2
(2 0 7 6 4 3 1 8 5) 2
(2 0 7 6 5 3 1 4 8) 2
(2 0 8 3 7 6 1 5 4) 2
(2 0 8 4 7 1 6 5 3) 2
(2 0 8 4 7 5 1 3 6) 2
(2 0 8 6 4 1 7 5 3) 2
(2 0 8 6 5 1 4 7 3) 2
(2 0 8 6 5 3 1 7 4) 2
(2 0 8 7 5 3 6 1 4) 2
(2 1 0 6 8 4 7 3 5) 2
(2 1 0 7 5 8 3 6 4) 2
(2 1 0 8 7 6 5 4 3) 20
(2 1 3 7 0 8 4 6 5) 2
(2 1 3 7 0 8 5 4 6) 2
(2 1 3 8 7 0 4 6 5) 2
(2 1 3 8 7 0 5 4 6) 21
(2 1 5 0 8 3 7 6 4) 2
(2 1 5 0 8 4 7 3 6) 2
(2 1 5 0 8 6 4 3 7) 2
(2 1 5 7 0 4 3 8 6) 2
(2 1 5 8 3 0 7 4 6) 2
(2 1 6 0 3 8 7 5 4) 2
(2 1 6 0 5 8 4 3 7) 2
(2 1 6 0 7 3 5 8 4) 2
(2 1 6 4 0 8 3 5 7) 2
(2 1 6 8 5 3 0 4 7) 2
(2 1 6 8 7 3 5 4 0) 22
(2 1 6 8 7 4 3 5 0) 2
(2 1 7 0 5 8 4 6 3) 2
(2 1 7 4 8 3 0 6 5) 2
(2 1 7 6 3 0 4 8 5) 2
(2 1 7 6 8 3 5 4 0) 2
(2 1 7 6 8 4 3 5 0) 2
(2 1 8 4 7 0 5 3 6) 2
(2 1 8 6 0 4 7 5 3) 2
(2 1 8 6 3 0 7 5 4) 2
(2 1 8 6 5 0 4 3 7) 2
(2 1 8 7 3 6 0 5 4) 2
(2 1 8 7 5 3 0 6 4) 2
(2 1 8 7 5 4 0 3 6) 2
(2 4 0 3 8 1 7 6 5) 2
(2 4 0 7 1 6 5 3 8) 2
(2 4 0 7 3 1 6 8 5) 2
(2 4 0 7 5 1 3 6 8) 2
(2 4 0 8 1 5 7 6 3) 2
(2 4 0 8 1 6 5 7 3) 23
(2 4 0 8 3 6 1 7 5) 2
(2 4 1 0 8 5 7 3 6) 2
(2 4 1 7 0 3 6 8 5) 2
(2 4 1 7 0 5 3 8 6) 2
(2 4 1 7 0 6 3 5 8) 2
(2 4 1 8 5 0 3 7 6) 2
(2 4 3 0 8 1 5 7 6) 2
(2 4 3 0 8 1 6 5 7) 2
(2 4 3 8 1 0 5 7 6) 24
(2 4 3 8 1 0 6 5 7) 2
(2 4 6 0 3 1 7 5 8) 2
(2 4 6 1 0 5 3 8 7) 2
(2 4 6 8 1 3 5 7 0) 25
(2 4 7 0 3 5 1 8 6) 2
(2 4 7 0 3 6 1 5 8) 2
(2 4 7 0 5 3 1 6 8) 2
(2 4 7 1 3 0 6 8 5) 2
(2 4 7 1 5 0 3 6 8) 2
(2 4 7 1 8 5 3 6 0) 2
(2 4 7 3 1 0 5 8 6) 2
(2 4 8 1 0 5 7 6 3) 2
(2 4 8 1 0 6 5 7 3) 2
(2 4 8 1 5 0 6 3 7) 2
(2 4 8 3 0 6 1 5 7) 2
(2 4 8 7 3 1 6 5 0) 2
(2 5 0 3 1 8 7 6 4) 2
(2 5 0 4 1 8 6 3 7) 2
(2 5 0 4 7 1 3 6 8) 2
(2 5 0 6 1 4 7 3 8) 2
(2 5 0 6 3 1 7 4 8) 2
(2 5 0 6 4 1 3 8 7) 2
(2 5 0 8 4 6 3 1 7) 2
(2 5 1 0 4 8 7 3 6) 2
(2 5 1 0 7 3 6 8 4) 2
(2 5 1 0 7 6 4 3 8) 2
(2 5 1 3 0 8 7 4 6) 2
(2 5 1 4 0 8 3 7 6) 2
(2 5 1 6 0 3 7 4 8) 2
(2 5 1 8 7 3 6 4 0) 2
(2 5 3 0 7 1 4 6 8) 2
(2 5 3 1 0 8 6 4 7) 2
(2 5 3 8 1 4 0 7 6) 2
(2 5 7 0 3 6 4 1 8) 2
(2 5 7 1 3 6 0 4 8) 2
(2 5 7 1 3 8 6 4 0) 2
(2 5 7 1 4 8 3 6 0) 2
(2 5 7 3 1 4 0 8 6) 2
(2 5 7 3 1 8 4 6 0) 2
(2 5 7 4 1 3 0 6 8) 2
(2 5 8 1 3 6 0 7 4) 2
(2 5 8 1 4 6 0 3 7) 2
(2 5 8 1 7 4 6 3 0) 2
(2 5 8 3 0 4 7 1 6) 2
(2 5 8 3 0 6 4 1 7) 2
(2 5 8 3 7 1 4 6 0) 2
(2 5 8 4 0 3 6 1 7) 2
(2 5 8 4 3 1 0 7 6) 2
(2 5 8 6 3 1 4 7 0) 2
(2 6 0 3 5 8 1 4 7) 2
(2 6 0 3 7 4 1 8 5) 2
(2 6 0 3 8 4 7 1 5) 2
(2 6 0 4 1 8 5 7 3) 2
(2 6 0 4 3 8 1 7 5) 2
(2 6 0 4 8 5 3 1 7) 2
(2 6 0 7 5 4 3 1 8) 2
(2 6 1 0 4 8 7 5 3) 2
(2 6 1 0 5 8 4 7 3) 2
(2 6 1 0 7 5 4 8 3) 2
(2 6 1 3 7 0 4 8 5) 2
(2 6 1 4 7 0 3 5 8) 2
(2 6 1 4 8 3 0 7 5) 2
(2 6 1 7 4 3 0 8 5) 2
(2 6 1 7 4 8 3 5 0) 2
(2 6 1 7 5 3 0 4 8) 2
(2 6 3 0 4 8 1 5 7) 2
(2 6 3 0 7 4 1 5 8) 2
(2 6 3 0 8 5 4 1 7) 2
(2 6 3 1 7 0 5 4 8) 2
(2 6 3 1 8 4 0 7 5) 2
(2 6 3 1 8 5 0 4 7) 2
(2 6 3 7 1 4 0 5 8) 2
(2 6 5 0 4 3 1 8 7) 2
(2 6 5 1 3 0 7 4 8) 2
(2 6 5 1 4 0 3 8 7) 2
(2 6 5 1 8 4 3 7 0) 2
(2 6 5 3 1 0 4 8 7) 2
(2 6 8 1 5 4 0 7 3) 2
(2 6 8 3 5 0 4 1 7) 2
(2 6 8 3 7 4 1 5 0) 2
(2 6 8 7 3 5 4 1 0) 2
(2 6 8 7 4 3 5 1 0) 2
(2 7 0 3 5 8 1 6 4) 2
(2 7 0 3 8 6 5 1 4) 2
(2 7 0 6 3 5 1 8 4) 2
(2 7 0 6 4 1 5 8 3) 2
(2 7 0 6 5 4 1 3 8) 2
(2 7 0 8 4 6 5 1 3) 26
(2 7 0 8 5 4 6 1 3) 2
(2 7 1 3 8 6 0 5 4) 2
(2 7 1 4 0 8 6 5 3) 2
(2 7 1 4 8 5 0 3 6) 2
(2 7 1 6 0 5 4 8 3) 2
(2 7 1 6 5 0 4 3 8) 2
(2 7 1 6 8 5 4 3 0) 2
(2 7 1 8 4 6 0 5 3) 2
(2 7 3 1 8 5 0 6 4) 2
(2 7 3 6 0 4 1 5 8) 2
(2 7 3 8 4 0 5 1 6) 27
(2 7 5 1 0 4 6 8 3) 2
(2 7 5 1 3 0 6 8 4) 2
(2 7 5 1 8 4 6 3 0) 2
(2 7 5 3 0 4 1 8 6) 2
(2 7 5 3 8 1 4 6 0) 2
(2 7 5 4 0 3 1 6 8) 2
(2 7 5 8 4 3 1 6 0) 2
(2 7 6 1 3 5 0 8 4) 2
(2 7 6 1 4 8 5 3 0) 2
(2 7 6 1 5 4 0 3 8) 2
(2 7 6 4 0 3 5 1 8) 2
(2 7 6 4 3 1 0 5 8) 2
(2 7 6 8 3 5 4 1 0) 2
(2 7 6 8 4 3 5 1 0) 28
(2 8 1 4 7 0 6 3 5) 2
(2 8 1 6 0 5 7 4 3) 2
(2 8 1 6 4 0 7 3 5) 2
(2 8 1 6 5 0 3 7 4) 2
(2 8 1 7 4 6 0 3 5) 2
(2 8 3 0 7 5 1 6 4) 2
(2 8 3 6 0 4 1 7 5) 2
(2 8 3 6 0 5 1 4 7) 2
(2 8 3 6 1 0 5 7 4) 2
(2 8 3 7 0 4 6 1 5) 2
(2 8 3 7 1 5 0 6 4) 2
(2 8 3 7 4 1 0 6 5) 2
(2 8 5 0 3 6 1 7 4) 2
(2 8 5 0 4 1 7 6 3) 2
(2 8 5 0 4 6 1 3 7) 2
(2 8 5 3 0 6 1 4 7) 2
(2 8 5 3 1 0 7 6 4) 2
(2 8 5 4 1 0 6 3 7) 2
(2 8 5 7 1 4 6 3 0) 2
(2 8 5 7 3 1 6 4 0) 2
(2 8 5 7 4 1 3 6 0) 2
(2 8 6 0 3 5 7 1 4) 2
(2 8 6 3 0 4 7 1 5) 2
(2 8 6 3 5 1 0 4 7) 2
(2 8 6 3 7 1 5 4 0) 2
(2 8 6 4 0 5 3 1 7) 2
(2 8 6 4 1 5 0 3 7) 2
(2 8 6 4 3 1 0 7 5) 2
(2 8 7 0 4 6 5 1 3) 2
(2 8 7 0 5 4 6 1 3) 2
(2 8 7 4 1 5 0 6 3) 2
(2 8 7 4 3 0 6 1 5) 2
(2 8 7 6 3 5 1 4 0) 2
(3 0 2 5 8 1 7 4 6) 2
(3 0 2 7 1 6 8 5 4) 2
(3 0 2 7 5 1 8 4 6) 2
(3 0 2 7 6 1 4 8 5) 2
(3 0 2 8 5 7 1 4 6) 2
(3 0 4 1 8 6 2 7 5) 2
(3 0 4 7 1 5 2 8 6) 2
(3 0 4 7 1 6 2 5 8) 2
(3 0 4 7 2 1 6 8 5) 2
(3 0 4 8 1 5 7 2 6) 2
(3 0 4 8 2 6 1 7 5) 2
(3 0 4 8 5 2 1 7 6) 2
(3 0 6 1 4 7 2 8 5) 2
(3 0 6 1 5 2 8 7 4) 2
(3 0 6 1 5 7 2 4 8) 2
(3 0 6 4 1 7 2 5 8) 2
(3 0 6 4 2 1 8 7 5) 2
(3 0 6 5 2 1 7 4 8) 2
(3 0 6 8 2 5 7 4 1) 2
(3 0 6 8 4 2 7 5 1) 2
(3 0 6 8 5 2 4 7 1) 2
(3 0 7 1 4 6 8 2 5) 2
(3 0 7 4 1 5 8 2 6) 2
(3 0 7 4 6 2 1 5 8) 2
(3 0 7 4 8 2 6 5 1) 2
(3 0 7 5 1 6 4 2 8) 2
(3 0 7 5 2 6 1 4 8) 2
(3 0 7 5 4 2 1 8 6) 2
(3 0 8 1 5 7 6 2 4) 2
(3 0 8 1 6 5 7 2 4) 2
(3 0 8 5 2 6 1 7 4) 2
(3 0 8 5 4 1 7 2 6) 2
(3 0 8 7 4 6 2 5 1) 2
(3 1 0 4 8 7 2 6 5) 2
(3 1 0 5 8 2 7 6 4) 2
(3 1 0 5 8 6 2 4 7) 2
(3 1 0 7 5 2 8 6 4) 2
(3 1 0 7 6 2 5 8 4) 2
(3 1 0 7 6 4 2 8 5) 2
(3 1 0 8 6 4 7 2 5) 2
(3 1 4 0 8 6 2 5 7) 2
(3 1 4 7 0 2 5 8 6) 2
(3 1 4 8 2 0 7 6 5) 2
(3 1 6 0 2 7 5 8 4) 2
(3 1 6 2 0 7 4 8 5) 2
(3 1 6 4 0 2 8 5 7) 2
(3 1 6 5 0 2 4 8 7) 2
(3 1 6 8 2 4 7 0 5) 2
(3 1 6 8 2 7 5 4 0) 2
(3 1 6 8 5 2 4 0 7) 2
(3 1 7 0 5 4 8 2 6) 2
(3 1 7 2 5 0 8 4 6) 2
(3 1 7 2 6 0 4 8 5) 2
(3 1 7 2 8 6 4 0 5) 2
(3 1 7 4 2 0 8 6 5) 2
(3 1 7 4 8 2 5 0 6) 2
(3 1 7 5 8 2 4 6 0) 2
(3 1 8 2 6 0 7 5 4) 2
(3 1 8 4 0 7 5 2 6) 2
(3 1 8 4 6 0 2 5 7) 2
(3 1 8 5 0 4 7 2 6) 2
(3 1 8 5 0 6 4 2 7) 2
(3 1 8 5 2 0 7 6 4) 2
(3 1 8 7 2 6 5 0 4) 2
(3 1 8 7 5 4 2 0 6) 2
(3 1 8 7 6 4 2 5 0) 2
(3 2 0 5 8 1 6 4 7) 2
(3 2 0 7 1 5 8 6 4) 2
(3 2 0 7 4 1 8 6 5) 2
(3 2 0 7 6 1 5 4 8) 2
(3 2 0 8 4 7 1 6 5) 2
(3 2 0 8 6 4 1 7 5) 2
(3 2 0 8 6 5 1 4 7) 2
(3 2 1 0 8 7 6 5 4) 29
(3 2 1 7 0 5 8 4 6) 2
(3 2 1 8 6 0 4 7 5) 2
(3 2 4 0 8 1 5 7 6) 2
(3 2 4 0 8 1 6 5 7) 30
(3 2 4 8 1 0 5 7 6) 2
(3 2 4 8 1 0 6 5 7) 2
(3 2 6 0 4 1 8 5 7) 2
(3 2 6 1 0 4 8 7 5) 2
(3 2 6 1 0 5 8 4 7) 2
(3 2 6 1 0 7 5 4 8) 2
(3 2 6 8 1 5 4 0 7) 2
(3 2 7 0 6 4 1 5 8) 2
(3 2 7 0 8 4 6 5 1) 31
(3 2 7 0 8 5 4 6 1) 2
(3 2 7 1 4 0 8 6 5) 2
(3 2 7 1 6 0 5 4 8) 2
(3 2 7 1 8 4 6 0 5) 2
(3 2 7 5 1 0 4 6 8) 2
(3 2 8 1 6 0 5 7 4) 2
(3 2 8 5 0 4 1 7 6) 2
(3 2 8 7 0 4 6 5 1) 2
(3 2 8 7 0 5 4 6 1) 2
(3 2 8 7 4 1 5 0 6) 2
(3 5 0 2 1 6 8 7 4) 2
(3 5 0 2 1 7 6 8 4) 2
(3 5 0 2 6 1 7 4 8) 2
(3 5 0 4 1 7 2 6 8) 2
(3 5 0 8 4 2 7 6 1) 2
(3 5 1 0 2 6 8 7 4) 2
(3 5 1 0 2 7 6 8 4) 32
(3 5 1 0 4 7 2 8 6) 2
(3 5 1 4 0 2 8 7 6) 2
(3 5 1 8 2 7 6 4 0) 2
(3 5 1 8 4 2 7 0 6) 2
(3 5 1 8 6 2 4 7 0) 2
(3 5 2 0 6 1 4 8 7) 2
(3 5 2 1 0 6 8 4 7) 2
(3 5 2 8 1 4 7 0 6) 2
(3 5 2 8 1 6 4 0 7) 2
(3 5 2 8 1 7 4 6 0) 2
(3 5 4 0 2 1 6 8 7) 33
(3 5 4 0 2 1 7 6 8) 2
(3 5 4 1 0 2 6 8 7) 2
(3 5 4 1 0 2 7 6 8) 2
(3 5 7 0 2 4 6 8 1) 34
(3 5 7 1 4 2 8 6 0) 2
(3 5 7 2 1 6 4 0 8) 2
(3 5 8 1 4 6 2 0 7) 2
(3 5 8 1 4 7 2 6 0) 2
(3 5 8 1 6 4 2 7 0) 2
(3 5 8 2 0 6 4 7 1) 2
(3 5 8 2 4 1 7 0 6) 2
(3 5 8 2 6 1 4 7 0) 2
(3 5 8 4 2 1 6 0 7) 2
(3 6 0 2 4 7 1 8 5) 2
(3 6 0 2 5 7 1 4 8) 2
(3 6 0 2 8 5 7 4 1) 2
(3 6 0 4 1 5 8 2 7) 2
(3 6 0 4 1 7 5 2 8) 2
(3 6 0 4 8 2 5 7 1) 2
(3 6 0 5 1 4 7 2 8) 2
(3 6 0 5 4 2 1 8 7) 2
(3 6 0 7 4 2 5 8 1) 2
(3 6 1 0 5 7 4 2 8) 2
(3 6 1 4 2 0 8 7 5) 2
(3 6 1 5 2 0 7 4 8) 2
(3 6 1 5 8 2 4 7 0) 2
(3 6 1 7 2 5 8 4 0) 2
(3 6 1 7 4 2 8 5 0) 2
(3 6 1 7 5 2 4 0 8) 2
(3 6 2 0 8 4 7 5 1) 2
(3 6 2 1 5 0 8 4 7) 2
(3 6 2 1 8 4 7 0 5) 2
(3 6 2 1 8 7 5 4 0) 2
(3 6 2 4 1 0 8 5 7) 2
(3 6 2 5 1 0 4 8 7) 2
(3 6 2 7 1 4 8 5 0) 2
(3 6 4 0 2 5 1 8 7) 2
(3 6 4 1 8 2 5 7 0) 2
(3 6 4 2 1 0 7 5 8) 2
(3 6 8 1 4 7 5 2 0) 2
(3 6 8 2 4 0 7 5 1) 2
(3 6 8 2 4 7 1 5 0) 2
(3 6 8 2 5 0 4 7 1) 2
(3 6 8 4 2 0 5 7 1) 2
(3 6 8 4 2 5 1 0 7) 2
(3 6 8 5 2 4 1 7 0) 2
(3 7 0 2 6 5 1 8 4) 2
(3 7 0 4 6 1 5 2 8) 2
(3 7 0 4 8 5 2 6 1) 2
(3 7 0 8 4 6 5 2 1) 2
(3 7 0 8 5 4 6 2 1) 2
(3 7 1 4 0 5 8 2 6) 2
(3 7 1 4 6 0 2 5 8) 2
(3 7 1 4 8 5 2 0 6) 2
(3 7 1 5 0 6 4 2 8) 2
(3 7 1 5 2 0 6 8 4) 2
(3 7 1 5 4 0 2 8 6) 2
(3 7 1 8 6 5 4 2 0) 2
(3 7 2 1 5 0 8 6 4) 2
(3 7 2 1 6 0 5 8 4) 2
(3 7 2 1 8 6 5 0 4) 2
(3 7 2 4 8 1 5 0 6) 2
(3 7 2 5 0 4 1 8 6) 2
(3 7 2 5 8 1 4 6 0) 2
(3 7 2 8 5 0 4 6 1) 2
(3 7 2 8 5 4 1 0 6) 2
(3 7 2 8 6 4 1 5 0) 2
(3 7 4 1 0 6 5 2 8) 2
(3 7 4 1 5 0 2 6 8) 2
(3 7 4 1 8 5 2 6 0) 2
(3 7 4 2 0 5 1 8 6) 2
(3 7 4 2 0 6 1 5 8) 2
(3 7 4 2 8 1 6 5 0) 2
(3 7 4 8 2 5 1 6 0) 2
(3 7 6 1 5 4 2 0 8) 2
(3 7 6 2 0 5 4 8 1) 2
(3 7 6 2 4 1 8 5 0) 2
(3 7 6 2 5 1 4 0 8) 2
(3 7 6 4 2 1 5 0 8) 2
(3 8 1 0 5 7 6 2 4) 35
(3 8 1 0 6 5 7 2 4) 2
(3 8 1 4 0 7 6 2 5) 2
(3 8 1 4 6 0 2 7 5) 2
(3 8 1 7 4 6 2 0 5) 2
(3 8 1 7 5 2 6 0 4) 2
(3 8 1 7 6 5 2 4 0) 2
(3 8 2 0 5 7 1 6 4) 2
(3 8 2 4 0 7 1 6 5) 2
(3 8 2 5 0 6 1 4 7) 2
(3 8 2 5 1 0 7 6 4) 2
(3 8 2 7 0 6 5 4 1) 2
(3 8 2 7 1 6 5 0 4) 2
(3 8 2 7 6 1 5 4 0) 2
(3 8 4 0 5 1 6 2 7) 36
(3 8 4 2 0 6 1 7 5) 2
(3 8 4 7 1 5 2 6 0) 2
(3 8 6 0 5 4 2 7 1) 2
(3 8 6 2 0 5 7 4 1) 2
(3 8 6 2 1 5 7 0 4) 2
(3 8 6 2 4 1 7 0 5) 2
(3 8 6 4 0 2 5 7 1) 2
(3 8 6 4 1 5 2 0 7) 2
(3 8 6 5 1 4 2 7 0) 2
(3 8 7 0 4 6 5 2 1) 2
(3 8 7 0 5 4 6 2 1) 37
(3 8 7 2 4 6 1 0 5) 2
(3 8 7 2 5 0 6 4 1) 2
(3 8 7 2 6 5 1 4 0) 2
(3 8 7 5 1 4 6 2 0) 2
(3 8 7 5 4 2 1 6 0) 2
(4 0 2 1 6 8 7 3 5) 38
(4 0 2 1 7 6 8 3 5) 2
(4 0 2 5 1 8 7 3 6) 2
(4 0 2 5 7 1 3 8 6) 2
(4 0 2 8 5 7 3 1 6) 2
(4 0 2 8 6 3 7 1 5) 2
(4 0 2 8 7 6 3 5 1) 2
(4 0 3 1 6 8 2 7 5) 2
(4 0 3 5 1 8 2 7 6) 2
(4 0 3 6 1 7 2 5 8) 2
(4 0 3 6 2 1 8 7 5) 2
(4 0 3 8 1 7 6 5 2) 2
(4 0 3 8 2 7 6 1 5) 2
(4 0 3 8 7 2 6 5 1) 2
(4 0 5 1 6 2 7 3 8) 39
(4 0 5 3 1 7 2 8 6) 2
(4 0 5 8 2 6 3 7 1) 2
(4 0 7 1 6 5 3 8 2) 2
(4 0 7 3 1 6 8 5 2) 2
(4 0 7 3 2 6 8 1 5) 2
(4 0 7 3 5 2 8 1 6) 2
(4 0 7 5 1 3 6 8 2) 2
(4 0 7 5 2 6 3 1 8) 2
(4 0 7 6 2 5 3 8 1) 2
(4 0 8 1 5 7 6 3 2) 2
(4 0 8 1 6 5 7 3 2) 40
(4 0 8 3 5 7 2 1 6) 2
(4 0 8 3 6 1 7 5 2) 2
(4 0 8 3 7 6 2 5 1) 2
(4 0 8 6 2 5 7 3 1) 2
(4 0 8 6 5 3 2 7 1) 2
(4 1 0 2 6 8 7 3 5) 2
(4 1 0 2 7 6 8 3 5) 2
(4 1 0 6 3 7 2 8 5) 2
(4 1 0 6 5 2 8 3 7) 2
(4 1 0 8 5 7 3 6 2) 2
(4 1 3 0 6 8 2 5 7) 2
(4 1 3 6 0 2 8 5 7) 2
(4 1 3 8 2 7 0 6 5) 2
(4 1 3 8 6 2 0 5 7) 2
(4 1 3 8 7 2 5 0 6) 2
(4 1 5 0 2 6 8 3 7) 2
(4 1 5 0 3 7 2 8 6) 2
(4 1 5 0 6 3 2 8 7) 2
(4 1 5 2 0 7 3 8 6) 2
(4 1 5 8 2 6 3 0 7) 2
(4 1 5 8 2 7 3 6 0) 2
(4 1 5 8 3 2 7 0 6) 2
(4 1 7 0 3 6 8 5 2) 2
(4 1 7 0 5 3 8 6 2) 2
(4 1 7 0 6 3 5 8 2) 2
(4 1 7 2 5 8 3 0 6) 2
(4 1 7 2 6 3 0 8 5) 2
(4 1 7 2 6 8 3 5 0) 2
(4 1 7 5 2 8 3 6 0) 2
(4 1 7 5 3 2 0 8 6) 2
(4 1 7 6 3 2 8 5 0) 2
(4 1 8 2 5 7 0 3 6) 2
(4 1 8 5 0 3 7 6 2) 2
(4 1 8 5 2 6 0 3 7) 2
(4 1 8 5 7 3 2 6 0) 2
(4 1 8 6 2 7 5 3 0) 2
(4 1 8 6 3 7 2 5 0) 2
(4 1 8 6 5 3 2 0 7) 2
(4 2 0 3 7 1 8 6 5) 2
(4 2 0 5 1 8 6 3 7) 2
(4 2 0 5 7 1 3 6 8) 2
(4 2 0 6 1 5 8 3 7) 2
(4 2 0 6 1 7 5 3 8) 2
(4 2 0 6 3 1 8 7 5) 2
(4 2 0 8 3 7 6 1 5) 2
(4 2 0 8 6 5 3 1 7) 2
(4 2 0 8 7 5 3 6 1) 2
(4 2 1 0 7 5 8 3 6) 2
(4 2 1 5 0 8 3 7 6) 2
(4 2 1 6 0 3 8 7 5) 2
(4 2 1 6 0 7 3 5 8) 2
(4 2 1 8 6 3 0 7 5) 2
(4 2 1 8 7 3 6 0 5) 2
(4 2 1 8 7 5 3 0 6) 2
(4 2 5 0 3 1 8 7 6) 2
(4 2 5 1 0 7 3 6 8) 2
(4 2 5 8 1 3 6 0 7) 2
(4 2 7 0 3 5 8 1 6) 2
(4 2 7 0 3 8 6 5 1) 2
(4 2 7 0 6 3 5 1 8) 2
(4 2 7 1 3 8 6 0 5) 2
(4 2 7 3 1 8 5 0 6) 2
(4 2 7 5 1 3 0 6 8) 2
(4 2 7 6 1 3 5 0 8) 2
(4 2 8 1 6 5 0 3 7) 2
(4 2 8 3 0 7 5 1 6) 2
(4 2 8 3 6 1 0 5 7) 2
(4 2 8 3 7 1 5 0 6) 2
(4 2 8 5 0 3 6 1 7) 2
(4 2 8 5 3 1 0 7 6) 2
(4 2 8 6 0 3 5 7 1) 2
(4 3 0 2 7 1 6 8 5) 2
(4 3 0 6 1 5 2 8 7) 2
(4 3 0 8 1 5 7 6 2) 2
(4 3 0 8 1 6 5 7 2) 2
(4 3 0 8 5 2 6 1 7) 2
(4 3 1 0 5 8 2 7 6) 2
(4 3 1 0 7 5 2 8 6) 2
(4 3 1 0 7 6 2 5 8) 2
(4 3 1 6 0 2 7 5 8) 2
(4 3 1 8 2 6 0 7 5) 2
(4 3 1 8 5 2 0 7 6) 2
(4 3 1 8 7 2 6 5 0) 2
(4 3 2 0 7 1 5 8 6) 2
(4 3 2 1 0 8 7 6 5) 41
(4 3 2 8 1 6 0 5 7) 2
(4 3 5 0 2 1 6 8 7) 2
(4 3 5 0 2 1 7 6 8) 2
(4 3 5 1 0 2 6 8 7) 2
(4 3 5 1 0 2 7 6 8) 42
(4 3 7 0 2 6 5 1 8) 2
(4 3 7 1 5 2 0 6 8) 2
(4 3 7 2 1 5 0 8 6) 2
(4 3 7 2 1 6 0 5 8) 2
(4 3 7 2 1 8 6 5 0) 2
(4 3 8 1 0 5 7 6 2) 43
(4 3 8 1 0 6 5 7 2) 2
(4 3 8 1 7 5 2 6 0) 2
(4 3 8 2 0 5 7 1 6) 2
(4 3 8 2 5 1 0 7 6) 2
(4 3 8 2 7 1 6 5 0) 2
(4 3 8 6 2 1 5 7 0) 2
(4 6 0 2 5 7 3 1 8) 2
(4 6 0 2 5 8 3 7 1) 2
(4 6 0 2 7 5 3 8 1) 2
(4 6 0 3 1 7 5 8 2) 2
(4 6 0 3 5 2 8 1 7) 2
(4 6 0 3 7 2 5 8 1) 2
(4 6 0 5 3 2 7 1 8) 2
(4 6 1 0 5 3 8 7 2) 2
(4 6 1 3 2 7 0 8 5) 2
(4 6 1 3 2 8 7 0 5) 2
(4 6 1 3 7 2 8 5 0) 2
(4 6 1 5 2 8 3 7 0) 2
(4 6 2 0 3 8 7 5 1) 2
(4 6 2 0 5 3 8 1 7) 2
(4 6 2 0 7 3 5 8 1) 2
(4 6 2 1 3 7 0 8 5) 2
(4 6 2 1 3 8 7 0 5) 44
(4 6 2 1 5 8 3 0 7) 2
(4 6 2 5 1 3 0 8 7) 2
(4 6 3 0 2 5 8 1 7) 2
(4 6 3 0 2 7 5 1 8) 2
(4 6 3 0 2 8 5 7 1) 2
(4 6 3 1 7 2 5 0 8) 2
(4 6 3 2 1 7 0 5 8) 2
(4 6 5 1 3 2 7 0 8) 45
(4 6 5 1 3 2 8 7 0) 2
(4 6 5 2 1 3 7 0 8) 2
(4 6 5 2 1 3 8 7 0) 2
(4 6 8 1 3 5 7 0 2) 46
(4 6 8 2 5 3 0 7 1) 2
(4 6 8 3 2 7 5 1 0) 2
(4 7 0 2 5 8 6 3 1) 2
(4 7 0 3 5 1 8 6 2) 2
(4 7 0 3 5 8 2 6 1) 2
(4 7 0 3 6 1 5 8 2) 2
(4 7 0 5 3 1 6 8 2) 2
(4 7 0 5 3 6 2 1 8) 2
(4 7 0 6 3 5 2 8 1) 2
(4 7 1 3 0 6 8 5 2) 2
(4 7 1 3 5 8 2 0 6) 2
(4 7 1 3 6 8 2 5 0) 2
(4 7 1 5 0 3 6 8 2) 2
(4 7 1 5 2 6 0 3 8) 2
(4 7 1 5 2 8 6 3 0) 2
(4 7 1 6 2 5 8 3 0) 2
(4 7 1 6 5 3 2 0 8) 2
(4 7 1 8 5 3 6 0 2) 2
(4 7 2 1 6 8 5 3 0) 2
(4 7 2 5 3 1 0 8 6) 2
(4 7 2 6 0 3 5 8 1) 2
(4 7 2 6 3 1 8 5 0) 2
(4 7 2 8 3 6 0 5 1) 2
(4 7 2 8 5 3 0 6 1) 2
(4 7 2 8 6 3 5 1 0) 2
(4 7 3 1 0 5 8 6 2) 2
(4 7 3 2 0 5 8 1 6) 2
(4 7 3 2 0 8 6 5 1) 2
(4 7 3 2 6 1 0 5 8) 2
(4 7 3 5 2 1 0 6 8) 2
(4 7 3 6 2 1 5 0 8) 2
(4 7 3 8 2 5 0 6 1) 2
(4 7 5 1 3 6 2 0 8) 2
(4 7 5 2 0 3 6 8 1) 2
(4 7 5 3 2 1 8 6 0) 2
(4 8 1 0 5 7 6 3 2) 2
(4 8 1 0 6 5 7 3 2) 2
(4 8 1 3 7 6 2 0 5) 2
(4 8 1 5 0 6 3 7 2) 2
(4 8 1 5 7 2 6 3 0) 2
(4 8 2 0 7 6 5 3 1) 2
(4 8 2 5 0 6 3 1 7) 2
(4 8 2 5 1 6 0 3 7) 2
(4 8 2 5 7 1 3 6 0) 2
(4 8 2 6 1 7 5 3 0) 2
(4 8 2 6 3 1 7 0 5) 2
(4 8 2 6 5 1 3 0 7) 2
(4 8 3 0 6 1 5 7 2) 2
(4 8 3 0 6 5 2 1 7) 2
(4 8 3 0 7 5 2 6 1) 2
(4 8 3 2 0 7 6 1 5) 2
(4 8 3 2 6 1 0 7 5) 2
(4 8 3 2 7 1 6 0 5) 2
(4 8 3 5 0 2 6 1 7) 2
(4 8 3 6 0 2 5 7 1) 2
(4 8 3 6 1 5 2 0 7) 2
(4 8 5 0 3 6 2 7 1) 2
(4 8 5 2 0 6 3 7 1) 2
(4 8 5 2 1 7 6 3 0) 2
(4 8 5 2 6 1 3 7 0) 2
(4 8 5 3 0 2 7 6 1) 2
(4 8 5 3 1 6 2 0 7) 2
(4 8 5 3 1 7 2 6 0) 2
(4 8 7 2 6 5 3 1 0) 2
(4 8 7 3 1 6 5 0 2) 2
(4 8 7 3 5 2 0 6 1) 2
(4 8 7 3 6 2 5 1 0) 2
(4 8 7 5 3 2 6 1 0) 2
(5 0 2 1 6 8 7 4 3) 2
(5 0 2 1 7 6 8 4 3) 2
(5 0 2 4 8 7 3 1 6) 2
(5 0 2 6 1 7 4 8 3) 2
(5 0 2 6 8 3 7 4 1) 2
(5 0 3 1 8 7 6 4 2) 2
(5 0 3 6 1 7 4 2 8) 2
(5 0 3 6 2 7 1 4 8) 2
(5 0 3 6 8 2 4 7 1) 2
(5 0 3 7 2 8 6 4 1) 2
(5 0 3 7 4 2 8 1 6) 2
(5 0 3 7 6 2 4 1 8) 2
(5 0 4 1 7 2 6 8 3) 2
(5 0 4 1 7 6 3 2 8) 2
(5 0 4 1 8 6 3 7 2) 2
(5 0 4 3 1 8 7 2 6) 2
(5 0 4 3 7 2 1 8 6) 2
(5 0 4 3 8 2 7 1 6) 2
(5 0 4 6 1 3 7 2 8) 2
(5 0 4 7 1 3 6 8 2) 2
(5 0 4 7 2 6 3 1 8) 2
(5 0 6 1 4 7 3 8 2) 2
(5 0 6 3 1 7 4 8 2) 2
(5 0 6 3 2 8 7 4 1) 2
(5 0 6 3 7 2 4 8 1) 2
(5 0 6 4 1 3 8 7 2) 2
(5 0 6 4 2 7 3 1 8) 2
(5 0 6 4 2 8 3 7 1) 2
(5 0 8 3 7 6 4 2 1) 2
(5 0 8 4 2 7 6 1 3) 2
(5 0 8 4 6 3 1 7 2) 2
(5 0 8 4 7 3 6 2 1) 2
(5 0 8 6 4 3 7 2 1) 2
(5 1 0 2 6 8 7 4 3) 2
(5 1 0 2 7 6 8 4 3) 47
(5 1 0 4 6 8 3 2 7) 2
(5 1 0 4 7 2 8 6 3) 2
(5 1 0 4 8 7 3 6 2) 2
(5 1 0 7 3 6 8 4 2) 2
(5 1 0 7 6 4 3 8 2) 2
(5 1 3 0 6 8 4 2 7) 2
(5 1 3 0 7 4 8 2 6) 2
(5 1 3 0 8 7 4 6 2) 2
(5 1 3 2 7 0 8 4 6) 48
(5 1 3 2 8 7 0 4 6) 2
(5 1 3 6 2 0 8 4 7) 2
(5 1 3 6 8 2 4 0 7) 2
(5 1 4 0 2 8 7 6 3) 2
(5 1 4 0 3 8 7 2 6) 2
(5 1 4 0 8 3 7 6 2) 2
(5 1 4 2 7 0 3 8 6) 2
(5 1 4 6 2 0 3 8 7) 2
(5 1 4 7 2 8 3 6 0) 2
(5 1 4 7 3 2 0 8 6) 2
(5 1 6 0 3 7 4 8 2) 2
(5 1 6 2 7 3 8 4 0) 49
(5 1 6 4 2 8 3 0 7) 2
(5 1 8 2 7 6 4 0 3) 2
(5 1 8 4 2 7 0 6 3) 2
(5 1 8 4 3 7 0 2 6) 2
(5 1 8 4 6 3 0 2 7) 2
(5 1 8 6 2 4 7 0 3) 2
(5 1 8 6 3 7 4 2 0) 2
(5 1 8 7 3 6 4 0 2) 2
(5 2 0 3 6 8 1 4 7) 2
(5 2 0 6 1 4 8 7 3) 2
(5 2 0 6 3 7 1 4 8) 2
(5 2 0 6 8 4 3 7 1) 2
(5 2 0 7 3 8 6 4 1) 2
(5 2 0 7 4 8 3 6 1) 2
(5 2 0 7 6 4 3 1 8) 2
(5 2 1 0 6 8 4 7 3) 2
(5 2 1 3 7 0 8 4 6) 2
(5 2 1 3 8 7 0 4 6) 2
(5 2 1 7 4 8 3 0 6) 2
(5 2 1 7 6 3 0 4 8) 2
(5 2 4 0 3 8 1 7 6) 2
(5 2 4 0 7 3 1 6 8) 2
(5 2 4 0 8 3 6 1 7) 2
(5 2 4 1 7 0 3 6 8) 2
(5 2 4 7 1 3 0 6 8) 2
(5 2 6 0 3 7 4 1 8) 2
(5 2 6 0 3 8 4 7 1) 2
(5 2 6 0 4 3 8 1 7) 2
(5 2 6 1 3 7 0 4 8) 2
(5 2 6 1 4 8 3 0 7) 2
(5 2 6 1 7 4 3 0 8) 2
(5 2 6 3 1 8 4 0 7) 2
(5 2 8 1 4 7 0 6 3) 2
(5 2 8 1 6 4 0 7 3) 2
(5 2 8 1 7 4 6 0 3) 2
(5 2 8 3 6 0 4 1 7) 2
(5 2 8 3 7 0 4 6 1) 2
(5 2 8 3 7 4 1 0 6) 2
(5 2 8 6 3 0 4 7 1) 2
(5 2 8 6 4 3 1 0 7) 2
(5 2 8 7 4 3 0 6 1) 2
(5 3 0 2 7 6 1 4 8) 2
(5 3 0 4 1 8 6 2 7) 2
(5 3 0 4 7 2 1 6 8) 2
(5 3 0 4 8 2 6 1 7) 2
(5 3 0 6 1 4 7 2 8) 2
(5 3 0 6 4 2 1 8 7) 2
(5 3 0 7 1 4 6 8 2) 2
(5 3 1 0 4 8 7 2 6) 2
(5 3 1 0 7 6 4 2 8) 2
(5 3 1 0 8 6 4 7 2) 2
(5 3 1 4 8 2 0 7 6) 2
(5 3 1 6 2 0 7 4 8) 2
(5 3 1 6 8 2 4 7 0) 2
(5 3 1 7 2 6 0 4 8) 2
(5 3 1 7 2 8 6 4 0) 2
(5 3 1 7 4 2 0 8 6) 2
(5 3 2 0 7 4 1 8 6) 2
(5 3 2 0 8 4 7 1 6) 2
(5 3 2 0 8 6 4 1 7) 2
(5 3 2 1 8 6 0 4 7) 2
(5 3 2 6 1 0 4 8 7) 2
(5 3 2 7 1 4 0 8 6) 2
(5 3 2 7 1 8 4 6 0) 2
(5 3 6 0 2 4 7 1 8) 2
(5 3 6 1 4 2 0 8 7) 2
(5 3 6 2 1 8 4 7 0) 2
(5 3 8 1 4 0 7 6 2) 2
(5 3 8 1 4 6 0 2 7) 2
(5 3 8 1 7 4 6 2 0) 2
(5 3 8 2 4 0 7 1 6) 2
(5 3 8 4 2 0 6 1 7) 2
(5 3 8 6 2 4 1 7 0) 2
(5 3 8 7 2 4 6 1 0) 2
(5 4 0 2 1 6 8 7 3) 50
(5 4 0 2 1 7 6 8 3) 2
(5 4 0 2 8 6 3 7 1) 2
(5 4 0 3 1 6 8 2 7) 2
(5 4 0 3 6 2 1 8 7) 2
(5 4 0 3 8 2 7 6 1) 2
(5 4 0 7 3 2 6 8 1) 2
(5 4 1 0 2 6 8 7 3) 2
(5 4 1 0 2 7 6 8 3) 2
(5 4 1 0 6 3 7 2 8) 2
(5 4 1 3 8 2 7 0 6) 2
(5 4 1 7 2 6 3 0 8) 2
(5 4 2 0 3 7 1 8 6) 2
(5 4 2 0 6 3 1 8 7) 2
(5 4 2 0 8 3 7 6 1) 2
(5 4 2 1 6 0 3 8 7) 2
(5 4 2 1 8 6 3 0 7) 2
(5 4 2 1 8 7 3 6 0) 2
(5 4 2 7 1 3 8 6 0) 2
(5 4 3 0 2 7 1 6 8) 2
(5 4 3 1 8 2 6 0 7) 2
(5 4 3 2 1 0 8 7 6) 51
(5 4 6 1 3 2 7 0 8) 2
(5 4 6 1 3 2 8 7 0) 2
(5 4 6 2 1 3 7 0 8) 2
(5 4 6 2 1 3 8 7 0) 52
(5 4 8 1 3 7 6 2 0) 2
(5 4 8 2 6 3 1 7 0) 2
(5 4 8 3 2 0 7 6 1) 2
(5 4 8 3 2 6 1 0 7) 2
(5 4 8 3 2 7 1 6 0) 2
(5 7 0 2 4 6 8 1 3) 53
(5 7 0 3 6 4 1 8 2) 2
(5 7 0 4 3 8 6 2 1) 2
(5 7 1 3 6 0 4 8 2) 2
(5 7 1 3 6 8 4 2 0) 2
(5 7 1 3 8 6 4 0 2) 2
(5 7 1 4 2 8 6 0 3) 2
(5 7 1 4 6 3 0 2 8) 2
(5 7 1 4 8 3 6 0 2) 2
(5 7 1 6 4 3 8 2 0) 2
(5 7 2 1 6 4 0 8 3) 2
(5 7 2 4 3 0 8 1 6) 2
(5 7 2 4 3 8 1 0 6) 2
(5 7 2 4 8 3 0 6 1) 2
(5 7 2 6 3 0 4 8 1) 2
(5 7 3 1 4 0 8 6 2) 2
(5 7 3 1 6 4 0 2 8) 2
(5 7 3 1 8 4 6 0 2) 2
(5 7 3 2 4 0 8 1 6) 54
(5 7 3 2 4 8 1 0 6) 2
(5 7 3 2 6 0 4 1 8) 2
(5 7 3 6 2 4 1 0 8) 2
(5 7 4 1 3 0 6 8 2) 2
(5 7 4 1 3 6 0 2 8) 2
(5 7 4 1 3 8 6 2 0) 2
(5 7 4 2 8 3 6 1 0) 2
(5 7 4 3 2 8 1 6 0) 2
(5 7 6 2 4 3 0 8 1) 2
(5 7 6 2 4 3 8 1 0) 55
(5 7 6 3 2 4 0 8 1) 2
(5 7 6 3 2 4 8 1 0) 2
(5 8 1 3 6 0 7 4 2) 2
(5 8 1 4 6 0 3 7 2) 2
(5 8 1 4 6 2 0 7 3) 2
(5 8 1 4 7 2 6 0 3) 2
(5 8 1 6 4 2 7 0 3) 2
(5 8 1 6 4 7 3 2 0) 2
(5 8 1 7 4 6 3 0 2) 2
(5 8 2 0 6 4 7 1 3) 2
(5 8 2 4 1 7 0 6 3) 2
(5 8 2 4 6 0 3 1 7) 2
(5 8 2 4 7 0 3 6 1) 2
(5 8 2 6 1 4 7 0 3) 2
(5 8 2 6 3 0 7 4 1) 2
(5 8 2 6 3 7 1 4 0) 2
(5 8 2 7 3 6 0 4 1) 2
(5 8 2 7 6 4 3 1 0) 2
(5 8 3 0 4 7 1 6 2) 2
(5 8 3 0 6 4 1 7 2) 2
(5 8 3 0 7 4 6 2 1) 2
(5 8 3 2 7 0 6 4 1) 2
(5 8 3 6 4 2 1 0 7) 2
(5 8 3 7 1 4 6 0 2) 2
(5 8 3 7 4 2 0 6 1) 2
(5 8 4 0 3 6 1 7 2) 2
(5 8 4 2 1 6 0 7 3) 2
(5 8 4 3 1 0 7 6 2) 2
(5 8 4 3 1 6 0 2 7) 2
(5 8 4 3 7 2 1 6 0) 2
(5 8 4 6 3 2 1 7 0) 2
(5 8 4 7 3 2 6 1 0) 2
(5 8 6 2 4 7 3 1 0) 2
(5 8 6 3 1 4 7 0 2) 2
(5 8 6 4 3 2 0 7 1) 2
(6 0 2 4 7 1 8 5 3) 2
(6 0 2 5 7 1 4 8 3) 2
(6 0 2 5 7 3 1 8 4) 2
(6 0 2 5 8 3 7 1 4) 2
(6 0 2 7 5 3 8 1 4) 2
(6 0 2 7 5 8 4 3 1) 2
(6 0 2 8 5 7 4 1 3) 2
(6 0 3 1 7 5 8 2 4) 2
(6 0 3 5 2 8 1 7 4) 2
(6 0 3 5 7 1 4 2 8) 2
(6 0 3 5 8 1 4 7 2) 2
(6 0 3 7 2 5 8 1 4) 2
(6 0 3 7 4 1 8 5 2) 2
(6 0 3 7 4 8 2 5 1) 2
(6 0 3 8 4 7 1 5 2) 2
(6 0 3 8 7 5 4 2 1) 2
(6 0 4 1 5 8 2 7 3) 2
(6 0 4 1 7 5 2 8 3) 2
(6 0 4 1 8 5 7 3 2) 2
(6 0 4 3 8 1 7 5 2) 2
(6 0 4 7 5 3 2 1 8) 2
(6 0 4 8 2 5 7 1 3) 2
(6 0 4 8 5 3 1 7 2) 2
(6 0 5 1 4 7 2 8 3) 2
(6 0 5 3 2 7 1 8 4) 2
(6 0 5 4 2 1 8 7 3) 2
(6 0 5 4 2 7 1 3 8) 2
(6 0 5 4 8 3 2 7 1) 2
(6 0 5 7 4 3 2 8 1) 2
(6 0 5 8 4 3 7 2 1) 2
(6 0 7 3 5 8 4 2 1) 2
(6 0 7 4 2 5 8 1 3) 2
(6 0 7 5 4 3 1 8 2) 2
(6 1 0 4 8 7 5 3 2) 2
(6 1 0 5 3 8 7 2 4) 2
(6 1 0 5 7 4 2 8 3) 2
(6 1 0 5 8 4 7 3 2) 2
(6 1 0 7 5 4 8 3 2) 2
(6 1 3 2 7 0 8 5 4) 2
(6 1 3 2 8 7 0 5 4) 2
(6 1 3 5 0 8 4 2 7) 2
(6 1 3 7 0 4 8 5 2) 2
(6 1 3 7 2 8 5 0 4) 2
(6 1 4 2 0 8 7 5 3) 2
(6 1 4 7 0 3 5 8 2) 2
(6 1 4 7 2 8 5 3 0) 2
(6 1 4 7 3 8 2 5 0) 2
(6 1 4 8 3 0 7 5 2) 2
(6 1 4 8 5 3 0 2 7) 2
(6 1 4 8 7 3 5 2 0) 2
(6 1 5 2 0 7 4 8 3) 2
(6 1 5 2 8 3 7 0 4) 2
(6 1 5 2 8 7 4 3 0) 2
(6 1 5 4 0 3 8 2 7) 2
(6 1 5 4 2 0 8 3 7) 2
(6 1 5 4 8 3 2 0 7) 2
(6 1 5 7 2 4 8 3 0) 2
(6 1 5 8 2 4 7 0 3) 2
(6 1 5 8 3 7 4 2 0) 2
(6 1 7 2 5 8 4 0 3) 2
(6 1 7 4 2 8 5 0 3) 2
(6 1 7 4 3 0 8 5 2) 2
(6 1 7 4 8 3 5 0 2) 2
(6 1 7 5 2 4 0 8 3) 2
(6 1 7 5 3 0 4 8 2) 2
(6 1 7 5 3 8 4 2 0) 2
(6 2 0 3 8 7 5 1 4) 2
(6 2 0 5 3 8 1 7 4) 2
(6 2 0 5 4 8 1 3 7) 2
(6 2 0 5 7 4 1 3 8) 2
(6 2 0 7 3 5 8 1 4) 2
(6 2 0 7 4 8 5 3 1) 2
(6 2 0 8 4 7 5 1 3) 2
(6 2 1 3 7 0 8 5 4) 2
(6 2 1 3 8 7 0 5 4) 56
(6 2 1 5 0 8 4 7 3) 2
(6 2 1 5 7 0 4 3 8) 2
(6 2 1 5 8 3 0 7 4) 2
(6 2 1 8 4 7 0 5 3) 2
(6 2 1 8 7 5 4 0 3) 2
(6 2 4 1 0 8 5 7 3) 2
(6 2 4 1 7 0 5 3 8) 2
(6 2 4 1 8 5 0 3 7) 2
(6 2 4 3 0 8 1 5 7) 2
(6 2 4 3 8 1 0 5 7) 57
(6 2 4 7 0 3 5 1 8) 2
(6 2 4 7 3 1 0 5 8) 2
(6 2 5 1 0 4 8 7 3) 2
(6 2 5 1 3 0 8 7 4) 2
(6 2 5 1 4 0 8 3 7) 2
(6 2 5 3 8 1 4 0 7) 2
(6 2 5 7 3 1 4 0 8) 2
(6 2 5 8 3 0 4 7 1) 2
(6 2 5 8 4 3 1 0 7) 2
(6 2 7 1 4 8 5 0 3) 2
(6 2 7 3 8 4 0 5 1) 58
(6 2 7 5 3 0 4 1 8) 2
(6 3 0 2 5 8 1 7 4) 2
(6 3 0 2 7 5 1 8 4) 2
(6 3 0 2 8 5 7 1 4) 2
(6 3 0 4 7 1 5 2 8) 2
(6 3 0 4 8 1 5 7 2) 2
(6 3 0 4 8 5 2 1 7) 2
(6 3 0 7 4 1 5 8 2) 2
(6 3 0 7 5 4 2 1 8) 2
(6 3 0 8 5 4 1 7 2) 2
(6 3 1 4 7 0 2 5 8) 2
(6 3 1 7 0 5 4 8 2) 2
(6 3 1 7 2 5 0 8 4) 2
(6 3 1 7 4 8 2 5 0) 2
(6 3 1 8 4 0 7 5 2) 2
(6 3 1 8 5 0 4 7 2) 2
(6 3 1 8 7 5 4 2 0) 2
(6 3 2 1 7 0 5 8 4) 2
(6 3 2 4 0 8 1 5 7) 2
(6 3 2 4 8 1 0 5 7) 2
(6 3 2 8 5 0 4 1 7) 2
(6 3 2 8 7 4 1 5 0) 2
(6 3 5 1 0 4 7 2 8) 2
(6 3 5 1 4 0 2 8 7) 2
(6 3 5 1 8 4 2 7 0) 2
(6 3 5 2 8 1 4 7 0) 2
(6 3 5 8 2 4 1 7 0) 2
(6 3 7 1 4 0 5 8 2) 2
(6 3 7 1 4 8 5 2 0) 2
(6 3 7 1 5 4 0 2 8) 2
(6 3 7 2 4 8 1 5 0) 2
(6 3 7 2 5 0 4 1 8) 2
(6 3 7 2 8 5 4 1 0) 2
(6 3 7 4 2 0 5 1 8) 2
(6 4 0 2 5 1 8 7 3) 2
(6 4 0 2 5 7 1 3 8) 2
(6 4 0 2 8 5 7 3 1) 2
(6 4 0 3 5 1 8 2 7) 2
(6 4 0 5 3 1 7 2 8) 2
(6 4 0 7 3 5 2 8 1) 2
(6 4 0 8 3 5 7 2 1) 2
(6 4 1 3 8 7 2 5 0) 2
(6 4 1 5 0 3 7 2 8) 2
(6 4 1 5 2 0 7 3 8) 2
(6 4 1 5 8 3 2 7 0) 2
(6 4 1 7 2 5 8 3 0) 2
(6 4 1 7 5 3 2 0 8) 2
(6 4 1 8 2 5 7 0 3) 2
(6 4 2 1 0 7 5 8 3) 2
(6 4 2 1 5 0 8 3 7) 2
(6 4 2 1 8 7 5 3 0) 2
(6 4 2 5 0 3 1 8 7) 2
(6 4 2 7 0 3 5 8 1) 2
(6 4 2 7 3 1 8 5 0) 2
(6 4 2 8 3 0 7 5 1) 2
(6 4 2 8 3 7 1 5 0) 2
(6 4 2 8 5 3 1 0 7) 2
(6 4 3 1 0 5 8 2 7) 2
(6 4 3 1 0 7 5 2 8) 2
(6 4 3 1 8 5 2 0 7) 2
(6 4 3 2 0 7 1 5 8) 2
(6 4 3 7 2 1 5 0 8) 2
(6 4 3 8 2 0 5 7 1) 2
(6 4 3 8 2 5 1 0 7) 2
(6 4 7 1 3 5 8 2 0) 2
(6 4 7 2 5 3 1 0 8) 2
(6 4 7 3 2 0 5 8 1) 2
(6 5 0 2 4 8 7 3 1) 2
(6 5 0 3 7 4 2 8 1) 2
(6 5 0 4 3 1 8 7 2) 2
(6 5 0 4 3 7 2 1 8) 2
(6 5 0 4 3 8 2 7 1) 2
(6 5 1 3 0 7 4 8 2) 2
(6 5 1 3 2 7 0 8 4) 59
(6 5 1 3 2 8 7 0 4) 2
(6 5 1 4 0 3 8 7 2) 2
(6 5 1 4 2 7 0 3 8) 2
(6 5 1 4 7 3 2 0 8) 2
(6 5 1 8 4 3 7 0 2) 2
(6 5 2 1 3 7 0 8 4) 2
(6 5 2 1 3 8 7 0 4) 2
(6 5 2 1 7 4 8 3 0) 2
(6 5 2 4 0 3 8 1 7) 2
(6 5 2 8 3 7 4 1 0) 2
(6 5 3 1 0 4 8 7 2) 2
(6 5 3 1 4 8 2 0 7) 2
(6 5 3 1 7 4 2 0 8) 2
(6 5 3 2 0 7 4 1 8) 2
(6 5 3 2 0 8 4 7 1) 2
(6 5 3 2 7 1 4 0 8) 2
(6 5 3 8 2 4 0 7 1) 2
(6 5 4 1 3 8 2 7 0) 2
(6 5 4 2 0 3 7 1 8) 2
(6 5 4 3 2 1 0 8 7) 60
(6 5 7 2 4 3 0 8 1) 2
(6 5 7 2 4 3 8 1 0) 2
(6 5 7 3 2 4 0 8 1) 61
(6 5 7 3 2 4 8 1 0) 2
(6 8 1 3 5 7 0 2 4) 62
(6 8 1 4 7 5 2 0 3) 2
(6 8 1 5 4 0 7 3 2) 2
(6 8 2 4 0 7 5 1 3) 2
(6 8 2 4 7 0 5 3 1) 2
(6 8 2 4 7 1 5 0 3) 2
(6 8 2 5 0 4 7 1 3) 2
(6 8 2 5 3 0 7 1 4) 2
(6 8 2 5 7 4 1 3 0) 2
(6 8 2 7 5 4 0 3 1) 2
(6 8 3 2 7 5 1 0 4) 2
(6 8 3 5 0 4 1 7 2) 2
(6 8 3 5 4 0 2 1 7) 2
(6 8 3 5 4 1 0 2 7) 2
(6 8 3 7 4 1 5 0 2) 2
(6 8 4 2 0 5 7 1 3) 2
(6 8 4 2 5 1 0 7 3) 2
(6 8 4 2 7 5 1 3 0) 2
(6 8 4 3 5 0 2 1 7) 2
(6 8 4 3 5 1 0 2 7) 63
(6 8 4 3 7 1 5 2 0) 2
(6 8 4 7 3 5 2 1 0) 2
(6 8 5 2 4 0 7 3 1) 2
(6 8 5 2 4 1 7 0 3) 2
(6 8 5 2 4 7 1 3 0) 2
(6 8 5 3 0 4 7 2 1) 2
(6 8 5 4 3 0 2 7 1) 2
(6 8 7 3 5 4 0 2 1) 64
(6 8 7 3 5 4 1 0 2) 2
(6 8 7 4 3 5 0 2 1) 2
(6 8 7 4 3 5 1 0 2) 2
(7 0 2 4 6 8 1 3 5) 65
(7 0 2 5 8 6 3 1 4) 2
(7 0 2 6 5 1 8 4 3) 2
(7 0 3 5 1 8 6 2 4) 2
(7 0 3 5 8 1 6 4 2) 2
(7 0 3 5 8 2 6 1 4) 2
(7 0 3 6 1 5 8 2 4) 2
(7 0 3 6 4 1 8 2 5) 2
(7 0 3 6 8 5 2 4 1) 2
(7 0 3 8 6 5 1 4 2) 2
(7 0 4 3 8 6 2 1 5) 2
(7 0 4 6 1 5 2 8 3) 2
(7 0 4 6 5 1 3 2 8) 2
(7 0 4 6 5 2 1 3 8) 2
(7 0 4 8 5 2 6 1 3) 2
(7 0 5 3 1 6 8 2 4) 2
(7 0 5 3 6 2 1 8 4) 2
(7 0 5 3 8 6 2 4 1) 2
(7 0 5 4 6 1 3 2 8) 2
(7 0 5 4 6 2 1 3 8) 66
(7 0 5 4 8 2 6 3 1) 2
(7 0 5 8 4 6 3 2 1) 2
(7 0 6 3 5 1 8 4 2) 2
(7 0 6 3 5 2 8 1 4) 2
(7 0 6 3 5 8 2 4 1) 2
(7 0 6 4 1 5 8 3 2) 2
(7 0 6 5 4 1 3 8 2) 2
(7 0 8 4 6 5 1 3 2) 67
(7 0 8 4 6 5 2 1 3) 2
(7 0 8 5 4 6 1 3 2) 2
(7 0 8 5 4 6 2 1 3) 2
(7 1 3 0 6 8 5 2 4) 2
(7 1 3 5 8 2 0 6 4) 2
(7 1 3 6 0 4 8 2 5) 2
(7 1 3 6 8 2 5 0 4) 2
(7 1 3 6 8 4 2 0 5) 2
(7 1 3 8 6 0 5 4 2) 2
(7 1 3 8 6 4 0 2 5) 2
(7 1 4 0 5 8 2 6 3) 2
(7 1 4 0 8 6 5 3 2) 2
(7 1 4 2 8 6 0 3 5) 2
(7 1 4 6 0 2 5 8 3) 2
(7 1 4 6 3 0 2 8 5) 2
(7 1 4 6 8 2 5 3 0) 2
(7 1 4 8 3 6 0 2 5) 2
(7 1 4 8 5 0 3 6 2) 2
(7 1 4 8 5 2 0 6 3) 2
(7 1 5 0 3 6 8 2 4) 2
(7 1 5 0 6 4 2 8 3) 2
(7 1 5 2 0 6 8 4 3) 2
(7 1 5 2 6 0 3 8 4) 2
(7 1 5 2 8 6 3 0 4) 2
(7 1 5 4 0 2 8 6 3) 2
(7 1 5 8 6 4 3 2 0) 2
(7 1 6 0 5 4 8 3 2) 2
(7 1 6 2 5 8 3 0 4) 2
(7 1 6 4 3 8 2 0 5) 2
(7 1 6 5 0 4 3 8 2) 2
(7 1 6 5 3 2 0 8 4) 2
(7 1 6 5 3 8 2 4 0) 2
(7 1 6 8 5 4 3 0 2) 2
(7 1 8 4 6 0 5 3 2) 2
(7 1 8 5 3 6 0 2 4) 2
(7 1 8 6 5 4 2 0 3) 2
(7 2 1 5 0 8 6 4 3) 2
(7 2 1 6 0 5 8 4 3) 2
(7 2 1 6 4 0 8 3 5) 2
(7 2 1 6 8 5 3 0 4) 2
(7 2 1 8 6 5 0 4 3) 2
(7 2 4 3 0 8 1 6 5) 2
(7 2 4 3 8 1 0 6 5) 2
(7 2 4 6 1 0 5 3 8) 2
(7 2 4 8 1 5 0 6 3) 2
(7 2 4 8 3 0 6 1 5) 2
(7 2 5 0 4 1 8 6 3) 2
(7 2 5 0 6 4 1 3 8) 2
(7 2 5 0 8 4 6 3 1) 2
(7 2 5 3 1 0 8 6 4) 2
(7 2 5 8 1 4 6 0 3) 2
(7 2 5 8 3 0 6 4 1) 2
(7 2 5 8 4 0 3 6 1) 2
(7 2 6 0 3 5 8 1 4) 2
(7 2 6 0 4 8 5 3 1) 2
(7 2 6 3 0 4 8 1 5) 2
(7 2 6 3 0 8 5 4 1) 2
(7 2 6 3 1 8 5 0 4) 2
(7 2 6 5 0 4 3 1 8) 2
(7 2 6 5 1 4 0 3 8) 2
(7 2 6 5 3 1 0 4 8) 2
(7 2 6 8 3 5 0 4 1) 2
(7 2 8 3 6 0 5 1 4) 2
(7 2 8 5 0 4 6 1 3) 2
(7 2 8 5 3 0 6 1 4) 2
(7 2 8 5 4 1 0 6 3) 2
(7 2 8 6 3 5 1 0 4) 2
(7 2 8 6 4 0 5 3 1) 2
(7 2 8 6 4 1 5 0 3) 2
(7 3 1 0 5 8 6 2 4) 2
(7 3 1 4 0 8 6 2 5) 2
(7 3 1 6 4 0 2 8 5) 2
(7 3 1 6 5 0 2 4 8) 2
(7 3 1 6 8 5 2 4 0) 2
(7 3 1 8 4 6 0 2 5) 2
(7 3 1 8 5 0 6 4 2) 2
(7 3 2 0 5 8 1 6 4) 2
(7 3 2 0 8 6 5 1 4) 2
(7 3 2 4 0 8 1 6 5) 68
(7 3 2 4 8 1 0 6 5) 2
(7 3 2 6 0 4 1 8 5) 2
(7 3 2 6 1 0 5 8 4) 2
(7 3 2 6 8 1 5 4 0) 2
(7 3 5 2 0 6 1 4 8) 2
(7 3 5 2 1 0 6 8 4) 2
(7 3 5 2 8 1 6 4 0) 2
(7 3 5 4 0 2 1 6 8) 69
(7 3 5 4 1 0 2 6 8) 2
(7 3 5 8 1 4 6 2 0) 2
(7 3 5 8 4 2 1 6 0) 2
(7 3 6 0 4 1 5 8 2) 2
(7 3 6 0 5 4 2 1 8) 2
(7 3 6 2 1 5 0 8 4) 2
(7 3 6 2 4 1 0 8 5) 2
(7 3 6 2 5 1 0 4 8) 2
(7 3 6 4 0 2 5 1 8) 2
(7 3 6 8 4 2 5 1 0) 2
(7 3 8 2 5 0 6 1 4) 2
(7 3 8 4 0 5 1 6 2) 70
(7 3 8 6 4 1 5 2 0) 2
(7 4 1 0 6 5 2 8 3) 2
(7 4 1 3 0 6 8 2 5) 2
(7 4 1 3 6 0 2 8 5) 2
(7 4 1 3 8 6 2 0 5) 2
(7 4 1 5 0 2 6 8 3) 2
(7 4 1 5 0 6 3 2 8) 2
(7 4 1 5 8 2 6 3 0) 2
(7 4 1 8 5 2 6 0 3) 2
(7 4 1 8 6 5 3 2 0) 2
(7 4 2 0 5 1 8 6 3) 2
(7 4 2 0 6 1 5 8 3) 2
(7 4 2 0 8 6 5 3 1) 2
(7 4 2 5 8 1 3 6 0) 2
(7 4 2 8 1 6 5 0 3) 2
(7 4 2 8 3 6 1 0 5) 2
(7 4 2 8 5 0 3 6 1) 2
(7 4 3 0 6 1 5 2 8) 2
(7 4 3 0 8 5 2 6 1) 2
(7 4 3 2 8 1 6 0 5) 2
(7 4 3 5 0 2 1 6 8) 2
(7 4 3 5 1 0 2 6 8) 2
(7 4 6 0 3 5 2 8 1) 2
(7 4 6 2 0 5 3 8 1) 2
(7 4 6 2 1 5 8 3 0) 2
(7 4 6 2 5 1 3 0 8) 2
(7 4 6 3 0 2 5 8 1) 2
(7 4 8 2 5 0 6 3 1) 2
(7 4 8 2 5 1 6 0 3) 2
(7 4 8 2 6 5 1 3 0) 2
(7 4 8 3 0 6 5 2 1) 2
(7 4 8 3 5 0 2 6 1) 2
(7 4 8 3 6 1 5 2 0) 2
(7 4 8 5 3 1 6 2 0) 2
(7 5 1 0 4 6 8 3 2) 2
(7 5 1 3 0 6 8 4 2) 2
(7 5 1 3 6 2 0 8 4) 2
(7 5 1 3 6 8 2 4 0) 2
(7 5 1 4 6 2 0 3 8) 2
(7 5 1 6 4 2 8 3 0) 2
(7 5 1 8 4 6 3 0 2) 2
(7 5 2 0 3 6 8 1 4) 2
(7 5 2 4 0 8 3 6 1) 2
(7 5 2 6 0 4 3 8 1) 2
(7 5 2 6 1 4 8 3 0) 2
(7 5 2 6 3 1 8 4 0) 2
(7 5 2 8 3 6 0 4 1) 2
(7 5 2 8 6 4 3 1 0) 2
(7 5 3 0 4 1 8 6 2) 2
(7 5 3 0 4 8 2 6 1) 2
(7 5 3 0 6 4 2 1 8) 2
(7 5 3 2 0 8 6 4 1) 2
(7 5 3 2 1 8 6 0 4) 2
(7 5 3 2 6 1 0 4 8) 2
(7 5 3 6 1 4 2 0 8) 2
(7 5 3 8 1 4 6 0 2) 2
(7 5 3 8 4 2 0 6 1) 2
(7 5 4 0 3 1 6 8 2) 2
(7 5 4 0 3 6 2 1 8) 2
(7 5 4 2 0 6 3 1 8) 2
(7 5 4 2 1 6 0 3 8) 2
(7 5 4 2 1 8 6 3 0) 2
(7 5 4 3 1 8 2 6 0) 2
(7 5 4 8 3 2 6 1 0) 2
(7 5 8 2 4 6 0 3 1) 2
(7 5 8 3 6 4 2 1 0) 2
(7 5 8 4 3 1 6 0 2) 2
(7 6 1 3 5 0 8 4 2) 2
(7 6 1 4 8 5 3 0 2) 2
(7 6 1 5 4 0 3 8 2) 2
(7 6 1 5 4 2 0 8 3) 2
(7 6 1 5 4 8 3 2 0) 2
(7 6 2 0 5 4 8 1 3) 2
(7 6 2 4 1 8 5 0 3) 2
(7 6 2 4 3 0 8 1 5) 2
(7 6 2 4 3 8 1 0 5) 71
(7 6 2 5 1 4 0 8 3) 2
(7 6 2 5 3 8 1 4 0) 2
(7 6 2 5 8 4 3 1 0) 2
(7 6 3 0 4 8 5 2 1) 2
(7 6 3 2 4 0 8 1 5) 2
(7 6 3 2 4 8 1 0 5) 2
(7 6 3 2 8 5 0 4 1) 2
(7 6 3 5 1 4 0 2 8) 2
(7 6 4 0 3 5 1 8 2) 2
(7 6 4 2 1 5 0 8 3) 2
(7 6 4 2 5 0 3 1 8) 2
(7 6 4 2 8 5 3 1 0) 2
(7 6 4 3 1 0 5 8 2) 2
(7 6 4 3 1 8 5 2 0) 2
(7 6 4 3 8 2 5 1 0) 2
(7 6 5 2 4 0 3 8 1) 2
(7 6 5 3 1 4 8 2 0) 2
(7 6 5 4 3 2 1 0 8) 72
(7 6 8 3 5 4 0 2 1) 2
(7 6 8 3 5 4 1 0 2) 2
(7 6 8 4 3 5 0 2 1) 2
(7 6 8 4 3 5 1 0 2) 73
(8 1 0 5 7 6 2 4 3) 74
(8 1 0 5 7 6 3 2 4) 2
(8 1 0 6 5 7 2 4 3) 2
(8 1 0 6 5 7 3 2 4) 2
(8 1 3 5 7 0 2 4 6) 75
(8 1 3 6 0 7 4 2 5) 2
(8 1 3 7 6 2 0 5 4) 2
(8 1 4 0 7 6 2 5 3) 2
(8 1 4 6 0 2 7 5 3) 2
(8 1 4 6 0 3 7 2 5) 2
(8 1 4 6 2 0 7 3 5) 2
(8 1 4 7 0 6 3 5 2) 2
(8 1 4 7 2 6 0 3 5) 2
(8 1 4 7 5 2 0 3 6) 2
(8 1 5 0 6 3 7 2 4) 2
(8 1 5 4 0 7 3 2 6) 2
(8 1 5 7 2 6 3 0 4) 2
(8 1 5 7 6 2 4 3 0) 2
(8 1 5 7 6 3 2 4 0) 2
(8 1 6 0 5 7 4 3 2) 2
(8 1 6 4 0 7 3 5 2) 2
(8 1 6 4 2 7 0 3 5) 2
(8 1 6 4 7 3 2 0 5) 2
(8 1 6 5 0 3 7 4 2) 2
(8 1 6 5 7 2 4 3 0) 2
(8 1 6 5 7 3 2 4 0) 76
(8 1 7 4 6 0 3 5 2) 2
(8 1 7 4 6 2 0 5 3) 2
(8 1 7 4 6 3 0 2 5) 2
(8 1 7 5 2 6 0 4 3) 2
(8 1 7 6 5 2 4 0 3) 2
(8 2 0 5 7 1 6 4 3) 2
(8 2 0 6 4 7 1 3 5) 2
(8 2 0 7 6 5 3 1 4) 2
(8 2 4 0 7 1 6 5 3) 2
(8 2 4 0 7 5 1 3 6) 2
(8 2 4 1 7 0 6 3 5) 2
(8 2 4 6 0 3 1 7 5) 2
(8 2 4 7 0 3 6 1 5) 2
(8 2 4 7 0 5 3 1 6) 2
(8 2 4 7 1 5 0 3 6) 2
(8 2 5 0 4 7 1 3 6) 2
(8 2 5 0 6 1 4 7 3) 2
(8 2 5 0 6 3 1 7 4) 2
(8 2 5 1 0 7 6 4 3) 2
(8 2 5 1 6 0 3 7 4) 2
(8 2 5 3 0 7 1 4 6) 2
(8 2 5 7 0 3 6 4 1) 2
(8 2 5 7 1 3 6 0 4) 2
(8 2 5 7 4 1 3 0 6) 2
(8 2 6 0 7 5 4 3 1) 2
(8 2 6 1 4 7 0 3 5) 2
(8 2 6 1 7 5 3 0 4) 2
(8 2 6 3 0 7 4 1 5) 2
(8 2 6 3 1 7 0 5 4) 2
(8 2 6 3 7 1 4 0 5) 2
(8 2 6 5 1 3 0 7 4) 2
(8 2 7 0 6 5 4 1 3) 2
(8 2 7 1 6 5 0 4 3) 2
(8 2 7 3 6 0 4 1 5) 2
(8 2 7 5 4 0 3 1 6) 2
(8 2 7 6 1 5 4 0 3) 2
(8 2 7 6 4 0 3 5 1) 2
(8 2 7 6 4 3 1 0 5) 2
(8 3 0 4 7 1 6 2 5) 2
(8 3 0 6 1 5 7 2 4) 2
(8 3 0 6 4 1 7 2 5) 2
(8 3 0 6 5 2 1 7 4) 2
(8 3 0 7 4 6 2 1 5) 2
(8 3 0 7 5 1 6 4 2) 2
(8 3 0 7 5 2 6 1 4) 2
(8 3 2 0 7 6 1 5 4) 2
(8 3 2 6 1 0 7 5 4) 2
(8 3 2 7 0 6 4 1 5) 2
(8 3 2 7 1 6 0 5 4) 2
(8 3 2 7 5 1 0 4 6) 2
(8 3 5 0 2 6 1 7 4) 2
(8 3 5 0 4 1 7 2 6) 2
(8 3 5 4 0 2 1 7 6) 2
(8 3 5 4 1 0 2 7 6) 2
(8 3 5 7 2 1 6 4 0) 2
(8 3 6 0 2 5 7 1 4) 2
(8 3 6 0 4 1 7 5 2) 2
(8 3 6 0 5 1 4 7 2) 2
(8 3 6 1 0 5 7 4 2) 2
(8 3 6 1 5 2 0 7 4) 2
(8 3 6 1 7 5 2 4 0) 2
(8 3 6 4 2 1 0 7 5) 2
(8 3 7 0 4 6 1 5 2) 2
(8 3 7 1 4 6 0 2 5) 2
(8 3 7 1 5 0 6 4 2) 2
(8 3 7 4 1 0 6 5 2) 2
(8 3 7 4 1 5 0 2 6) 2
(8 3 7 4 2 0 6 1 5) 2
(8 3 7 6 1 5 4 2 0) 2
(8 3 7 6 2 5 1 4 0) 2
(8 3 7 6 4 2 1 5 0) 2
(8 4 0 3 6 1 7 2 5) 2
(8 4 0 5 1 6 2 7 3) 77
(8 4 0 7 5 2 6 3 1) 2
(8 4 2 0 5 7 1 3 6) 2
(8 4 2 0 6 1 7 5 3) 2
(8 4 2 1 6 0 7 3 5) 2
(8 4 2 5 1 0 7 3 6) 2
(8 4 2 7 0 6 3 5 1) 2
(8 4 2 7 5 1 3 0 6) 2
(8 4 2 7 6 1 3 5 0) 2
(8 4 3 1 0 7 6 2 5) 2
(8 4 3 1 6 0 2 7 5) 2
(8 4 3 5 0 2 1 7 6) 2
(8 4 3 5 1 0 2 7 6) 78
(8 4 3 7 0 2 6 5 1) 2
(8 4 3 7 1 5 2 0 6) 2
(8 4 3 7 2 1 6 0 5) 2
(8 4 6 0 2 5 7 3 1) 2
(8 4 6 0 5 3 2 7 1) 2
(8 4 6 3 0 2 7 5 1) 2
(8 4 6 3 1 7 2 5 0) 2
(8 4 6 3 2 1 7 0 5) 2
(8 4 6 5 1 3 2 7 0) 79
(8 4 6 5 2 1 3 7 0) 2
(8 4 7 0 5 3 6 2 1) 2
(8 4 7 1 5 2 6 0 3) 2
(8 4 7 1 6 5 3 2 0) 2
(8 4 7 3 2 6 1 0 5) 2
(8 4 7 3 5 2 1 0 6) 2
(8 4 7 3 6 2 1 5 0) 2
(8 4 7 5 1 3 6 2 0) 2
(8 5 0 3 6 1 7 4 2) 2
(8 5 0 3 6 2 7 1 4) 2
(8 5 0 3 7 6 2 4 1) 2
(8 5 0 4 1 7 6 3 2) 2
(8 5 0 4 6 1 3 7 2) 2
(8 5 0 4 7 2 6 3 1) 2
(8 5 0 6 4 2 7 3 1) 2
(8 5 2 0 6 3 7 1 4) 2
(8 5 2 0 7 6 4 3 1) 2
(8 5 2 1 7 6 3 0 4) 2
(8 5 2 4 0 7 3 1 6) 2
(8 5 2 4 1 7 0 3 6) 2
(8 5 2 4 7 1 3 0 6) 2
(8 5 2 6 0 3 7 4 1) 2
(8 5 2 6 1 3 7 0 4) 2
(8 5 2 6 1 7 4 3 0) 2
(8 5 3 0 2 7 6 1 4) 2
(8 5 3 0 4 7 2 1 6) 2
(8 5 3 0 6 1 4 7 2) 2
(8 5 3 1 0 7 6 4 2) 2
(8 5 3 1 6 2 0 7 4) 2
(8 5 3 1 7 2 6 0 4) 2
(8 5 3 6 0 2 4 7 1) 2
(8 5 4 1 0 6 3 7 2) 2
(8 5 4 1 7 2 6 3 0) 2
(8 5 4 3 0 2 7 1 6) 2
(8 5 4 6 1 3 2 7 0) 2
(8 5 4 6 2 1 3 7 0) 2
(8 5 7 1 4 6 3 0 2) 2
(8 5 7 3 1 6 4 0 2) 2
(8 5 7 3 2 6 0 4 1) 2
(8 5 7 3 6 2 4 1 0) 2
(8 5 7 4 1 3 6 0 2) 2
(8 6 0 3 5 7 1 4 2) 2
(8 6 0 4 7 5 3 2 1) 2
(8 6 0 5 4 2 7 1 3) 2
(8 6 2 0 5 7 4 1 3) 2
(8 6 2 1 5 7 0 4 3) 2
(8 6 2 4 1 7 0 5 3) 2
(8 6 2 4 7 0 3 5 1) 2
(8 6 2 4 7 3 1 0 5) 2
(8 6 2 5 7 3 1 4 0) 2
(8 6 2 7 5 3 0 4 1) 2
(8 6 3 0 4 7 1 5 2) 2
(8 6 3 0 7 5 4 2 1) 2
(8 6 3 1 4 7 0 2 5) 2
(8 6 3 5 1 0 4 7 2) 2
(8 6 3 7 1 5 4 0 2) 2
(8 6 3 7 2 5 0 4 1) 2
(8 6 3 7 4 2 0 5 1) 2
(8 6 4 0 2 5 7 1 3) 2
(8 6 4 0 5 3 1 7 2) 2
(8 6 4 1 5 0 3 7 2) 2
(8 6 4 1 5 2 0 7 3) 2
(8 6 4 1 7 5 3 2 0) 2
(8 6 4 3 1 0 7 5 2) 2
(8 6 4 3 2 0 7 1 5) 2
(8 6 4 3 7 2 1 5 0) 2
(8 6 4 7 2 5 3 1 0) 2
(8 6 5 0 4 3 7 2 1) 2
(8 6 5 1 4 2 7 0 3) 2
(8 6 5 1 4 7 3 2 0) 2
(8 6 5 3 1 7 4 2 0) 2
(8 6 5 3 2 0 7 4 1) 2
(8 6 5 3 2 7 1 4 0) 2
(8 6 5 4 2 0 3 7 1) 2
(8 7 0 4 6 5 1 3 2) 2
(8 7 0 4 6 5 2 1 3) 2
(8 7 0 5 4 6 1 3 2) 2
(8 7 0 5 4 6 2 1 3) 80
(8 7 2 4 6 1 0 5 3) 2
(8 7 2 5 0 6 4 1 3) 2
(8 7 2 6 5 0 4 3 1) 2
(8 7 2 6 5 1 4 0 3) 2
(8 7 2 6 5 3 1 0 4) 2
(8 7 3 1 6 5 0 2 4) 2
(8 7 3 5 2 0 6 1 4) 2
(8 7 3 5 4 0 2 1 6) 81
(8 7 3 5 4 1 0 2 6) 2
(8 7 3 6 0 5 4 2 1) 2
(8 7 3 6 2 5 1 0 4) 2
(8 7 3 6 4 0 2 5 1) 2
(8 7 4 1 5 0 6 3 2) 2
(8 7 4 3 0 6 1 5 2) 2
(8 7 4 3 5 0 2 1 6) 2
(8 7 4 3 5 1 0 2 6) 2
(8 7 4 6 2 5 1 3 0) 2
(8 7 5 1 4 6 2 0 3) 2
(8 7 5 3 0 6 4 2 1) 2
(8 7 5 3 2 6 1 0 4) 2
(8 7 5 3 6 1 4 2 0) 2
(8 7 5 4 0 3 6 2 1) 2
(8 7 5 4 2 0 6 3 1) 2
(8 7 5 4 2 1 6 0 3) 2
(8 7 6 3 5 1 4 0 2) 2
(8 7 6 4 2 5 0 3 1) 2
(8 7 6 5 4 3 2 1 0) 82
