087654132
087654213
087652431
087653241
087635421
087625134
087643521
087614523
087623514
087641253
087631452
087634125
087563412
087465321
087265413
087365124
087162543
087461352
087364152
087362451
087463215
087164325
087263145
087546321
087516432
087526314
087256341
087356214
087136542
087316524
087346251
087416235
087246135
087236415
087541623
087524613
087523641
087451632
087251643
087425631
087132654
087213654
087431625
087124635
087543162
087512463
087452361
087154362
087352164
087415263
087245163
087125364
087413562
087143265
087321465
087514326
087532146
087254316
087215436
087135246
087432516
087142536
087321546
087241356
087314256
086753412
086745312
086745231
086715423
086715342
086725143
086714532
086731542
086732514
086742153
086743125
086742315
086734215
086712345
085764321
085761243
085761324
085762134
081765432
083765241
082765134
084762513
083764512
082763514
084762351
081762354
081762435
081763245
085726413
085736214
083756412
082756143
084736512
082736541
082716534
082716453
083746125
081746235
085742613
085724631
085712643
085721634
084752631
081752634
084735621
082745613
082715643
081735624
084731652
081734652
085743261
085714263
085732164
082754361
082751364
081745263
081735462
083715264
082735164
083742561
081743562
082741563
084713265
084721365
083741265
081724365
081732465
085741236
085723416
082753146
084735216
083715426
083725146
084712536
082734516
081732546
083742156
082713456
086574321
086571243
086571324
086572134
086275431
086375142
086175234
086471532
086271543
086473152
086374251
086173452
086371254
086274135
086372145
085672143
083675412
082675143
083674521
083671524
084673251
081673254
083672415
085476123
085376412
085176423
085176342
085276134
084576132
084576213
084276513
082476531
084276351
083476152
083176452
081276354
084176235
082376415
081276435
082176345
085473612
084573621
081573624
083175642
084271653
081274653
082473615
083172645
085471263
085273461
085173264
084572163
083574162
083572461
081573462
082571463
082573164
084175263
083475261
081275463
084173562
082174563
083172564
081473265
083174265
083271465
085473126
085472316
085174236
085173426
085271436
084573216
082574136
083571246
084275136
082475316
084371526
084273516
081472536
081374526
083271546
086537142
086527341
086357241
086437512
086347521
086147532
086327514
086217354
086217435
086137245
085627431
084657132
084657213
084617523
083627541
081647253
081637452
083617254
082637154
084637125
085467132
085467213
085367421
085167432
085267143
082567413
083167542
084367152
081467352
082167354
084167325
082467135
083267415
082167435
085137624
084527613
081547623
083517624
081457632
081257643
083257614
082157634
082437651
083247651
084127635
081437625
085437162
085427361
085147263
085137462
085327164
082547163
083517462
084157362
082357461
082417563
083417265
082437165
083247165
081327465
082137465
085417236
085247136
085237416
084517326
082517436
084257316
081327546
082137546
084317256
081247356
086542731
086534712
086453712
086415723
086235741
086125743
086215734
086142753
086143725
086241735
085643712
085634721
085613742
085631724
082654731
082651734
084632751
081632754
084621735
082643715
081624735
082613745
085264713
085263741
085162734
083562741
081563742
082561743
081465732
081265743
083265714
082165734
082364751
082361754
084361725
084263715
081462735
081364725
083261745
085426713
085246731
081546732
082536714
083456712
082156743
082416753
084216735
083146725
081236745
085132764
085213764
084513762
083541762
082543761
081542763
082514763
083512764
084351762
081354762
084325761
084215763
081435762
081325764
082135764
081432765
083214765
085423716
085342716
085214736
085312746
085231746
084532716
082541736
082153746
083415726
082345716
081245736
083125746
082315746
082413756
083142756
086541273
086531472
086452173
086254371
086152473
086251374
086345172
086235174
086432571
086241573
086134572
086431275
086423175
086342175
086123475
085642173
083654271
083651274
082645173
083615472
084621573
081624573
083612475
085164273
085261473
085263174
084563172
082564173
083562174
084265173
083265471
083165274
083461572
082463571
081462573
084163275
083264175
081263475
085436271
085146372
085316472
084516273
082536471
084326571
084216573
081436572
081326574
082136574
084236175
083426175
082146375
083126475
082316475
085413672
083524671
083521674
084253671
081253674
083145672
082413675
083142675
085412376
085234176
084513276
084521376
083541276
081524376
081532476
084351276
083452176
081354276
083152476
081435276
082415376
084132576
084213576
082431576
083241576
086543217
086512437
086513247
086521347
086351247
086415237
086245137
086235417
086341527
086243517
086324517
086132547
086213547
086214357
085621437
081652437
081653247
084625137
081635427
084623517
081643527
083621547
083614257
082634157
085361427
085263417
083562417
084365127
083465217
081465327
083265147
082163547
082164357
081362457
085216437
085136247
084526317
083546217
081546327
083516247
082536147
084356217
081256347
084316527
082436517
083246517
082146537
083216547
081346257
085134627
083514627
081523647
083254617
082154637
081425637
084132657
084213657
082431657
083241657
085413267
085421367
085243167
085324167
083542167
082513467
084352167
081452367
082351467
084125367
083145267
083412567
078653412
078645312
078645231
078615423
078615342
078625143
078614532
078631542
078632514
078642153
078643125
078642315
078634215
078612345
078564312
078564231
078563421
078561234
078265341
078365214
078461523
078264531
078362541
078163524
078261534
078164253
078261453
078263154
078361245
078536124
078256431
078356142
078156234
078426531
078436251
078146352
078316452
078416325
078326415
078126345
078541632
078532641
078512634
078452613
078153642
078345612
078145623
078315642
078235614
078413652
078423615
078342615
078214635
078312645
078231645
078542361
078534261
078521463
078531264
078523164
078453261
078254163
078215364
078341562
078234561
078124563
078312564
078231564
078241365
078314265
078524136
078531426
078451236
078352416
078152346
078425316
078345126
078134526
078412356
078234156
068754321
068751243
068751324
068752134
068735124
068741523
068724513
068723541
068734152
068724351
068732451
068713254
068721354
068721435
058761432
058763214
028765431
038765124
048763521
018764523
028761543
048761253
038764152
038762451
028764135
058746123
058736241
058716234
048756312
048756231
018756423
018756342
038756214
038716524
028736514
018726534
038746251
028746153
018726453
018736254
028746315
028716345
058743612
058734621
058713642
058731624
048725613
018725643
048712653
018742653
028734651
028731654
048713625
018743625
058741263
058731462
038752164
018753264
028735461
048721563
028743561
028714563
028734165
038721465
058743126
058742316
058734216
058712346
018754236
018753426
048715326
018745326
048731526
028741536
038721546
028743156
038714256
018723456
068571423
068571342
068573124
068572314
068375241
068374512
068174523
068473251
068274153
068274315
058672413
058673142
048675312
048675231
018675423
018675342
038675214
018674532
038672541
048672153
048673125
048672315
028673415
038671245
018672345
058476312
058476231
028576134
038476521
048176352
038276451
018376452
038176254
018476325
028376145
058172643
048571632
038574612
018572634
048375612
048175623
028475613
038275641
018375642
018473652
048372615
018274635
018372645
028173645
058174263
058271463
058273164
048572361
028573461
018275364
048371562
028471563
018372564
028173564
048271365
018374265
058274136
058372146
038574126
028571436
048375126
028375416
028175346
028174536
038471256
018472356
068547123
068537241
068517234
068457132
068457213
068357421
068157432
068257143
068417523
068237541
068127543
068217534
068327451
068217453
068437125
068347215
068137425
068317245
058637421
058627134
028657134
038647512
038617542
028637451
048617235
018647235
058467321
058267413
058367124
038567241
028567143
048367512
048167523
028467513
038267541
018367542
048267153
028467351
018467253
028367154
048267315
038467125
038167425
018267345
058427631
048537612
018537642
028457631
038157624
038127654
038247615
038217645
058417263
058247163
058127364
048517362
048527163
018547362
038517264
038457162
038157462
018257463
028157364
018427563
028147563
038217564
058217436
058137246
048537126
028547136
038517426
028537416
018527436
038527146
048157236
038257416
038427516
018437526
028417536
038147256
018237456
068543721
068514723
068523714
068254713
068253741
068152734
068135724
068432751
068241753
068134752
068421735
048652713
038654721
018652743
038651724
028645713
028615743
048613752
018643752
038624751
038621754
048623715
018623745
058461732
058261743
028564713
028563741
018563724
028465731
038165724
048263751
038462751
038164752
018264753
028164735
058346712
058146723
058316742
058236714
048536721
028546731
038526741
018456723
018256734
018426753
028146753
038216754
048316725
018346725
058431762
058243761
058324761
058214763
058321764
048523761
018524763
028513764
048251763
028354761
038152764
028351764
028435761
038421765
028134765
058143726
058241736
048521736
038541726
038524716
018534726
028514736
028531746
018453726
038251746
048325716
018325746
048312756
048231756
018423756
018342756
028143756
068541372
068523471
068512374
068154273
068251473
068253174
068345271
068421573
068314572
068123574
068214375
058643172
058612473
018653472
048615372
048625173
018645372
038615274
048631572
038642571
018632574
048612375
038641275
018642375
018634275
028613475
058463271
058264173
018564372
028561473
028563174
048265371
018365274
048362571
028164573
048361275
058416372
058426173
058236471
058126473
058136274
038526174
048356172
038456271
028456173
028156473
028436571
048126375
028346175
018326475
058142673
048532671
038514672
048153672
018452673
048315672
028415673
038245671
018345672
018235674
048312675
048231675
018423675
018342675
028143675
058431276
058423176
058342176
058123476
028534176
038521476
048152376
028453176
038254176
018352476
028153476
018425376
028145376
028315476
038124576
068514237
068513427
068531247
068523147
068351427
068253417
068425137
068245317
068125437
068215347
068423517
068342517
068214537
068312547
068231547
068143257
068321457
058624137
058631427
028654137
048635217
018635247
048612537
018642537
028631457
058461327
058462137
058364127
058162437
058163247
048563127
048562317
028563417
038561247
018562347
018463527
038261547
028461357
028364157
018263457
058436217
058146237
058236147
038526417
018536427
028516437
048256137
018456237
038156247
048126537
038146527
028136547
048136257
038416257
038246157
058421637
038542617
038512647
028451637
038154627
048215637
018245637
038124657
058432167
058124367
058132467
058213467
028543167
038514267
018523467
048153267
028154367
048315267
038425167
018345267
038125467
028413567
038214567
076854321
076851243
076851324
076852134
076835124
076841523
076824513
076823541
076834152
076824351
076832451
076813254
076821354
076821435
075861423
075861342
075863124
075862314
074865123
073865421
072865314
074862531
071862534
073861452
072863451
071862453
074861235
073864125
071864235
071863425
072861345
075826431
074856132
074856213
074816523
073826541
071846253
071836452
073816254
072836154
074836125
075842631
075834612
074853621
071853624
074815632
072845631
071835642
074823651
071823654
074812635
072834615
071832645
075814362
075824163
074852163
073854162
073852461
071853462
072851463
072853164
071845362
073825164
074832561
071832564
074831265
074823165
071842365
071834265
072814365
075834126
074853216
072854136
073851246
071825436
074813526
073841526
073824516
074832156
071843256
072831456
067852143
067825413
067835214
067841532
067832541
067812534
067843152
067812453
067814235
067813425
067831245
067823145
057862413
057863142
047865312
047865231
017865423
017865342
037865214
017864532
037862541
047862153
047863125
047862315
027863415
037861245
017862345
057846132
057846213
057836412
057816243
057816324
047856321
017856432
037856142
047826513
017826543
047836152
047826351
037816452
027816354
037826415
017836425
027816435
057843621
057814623
057823614
047851623
027853614
037845612
037815642
047821653
027843651
027814653
037842615
037812645
057842163
047853162
017852463
047835261
027815463
037841562
017834562
037812564
027843165
037814265
017823465
057843216
057812436
057813246
057821346
017854326
037852416
027851346
047825136
037845126
027835146
047823516
017823546
017824356
017832456
065874123
065872341
064875312
064875231
062875341
063875124
061875234
062874531
062871534
064872153
063874152
063872451
061873452
062871453
062873154
064873125
064872315
056874132
056874213
056872431
056873241
026875134
046871523
026873514
036872154
016873254
036871425
051876432
053876241
052876134
035876421
014876523
021876543
023876514
041876253
034876152
013876254
024876135
053874621
053871624
045872631
035871642
035872614
042875631
014875632
032875614
023874651
023871654
014872635
032871645
053871462
052873461
051872463
015874362
025871463
025873164
041875362
034875261
024875163
023875461
031875264
032874561
032871564
041872365
023874165
012874365
021873465
054871326
054872136
053874216
051874326
052871436
025874136
031875426
043871526
014873526
021873546
041873256
024871356
032874156
021874356
065847312
065847231
065817423
065817342
065827143
063857142
061847532
062837514
062847153
063817452
064817235
062847315
063827415
061837245
062817345
056847321
056817432
056827314
036857412
026857314
026847513
026817543
046817253
026847351
016847253
016837452
046827135
036847125
026837145
053867412
052867143
045867123
025867413
015867234
042867531
014867532
032867514
043867152
013867425
031867245
054817623
053827641
045817632
015847632
041857623
023857641
013857624
041827653
024817653
013827654
042817635
012847635
053847162
035847261
025847163
015827463
015837264
042857163
013857462
042837561
014837562
031847562
034817265
023817465
052847136
052837416
051827346
035827416
015837426
025817436
014857326
012857436
032857146
021857346
023847516
023817546
043817256
042837156
014827356
013847256
032817456
065841723
065824713
065823741
064852713
063854712
062853714
063845721
061825743
063825714
064813752
063841752
062843751
061842753
062814753
063812754
064823715
061843725
063821745
056841732
056832741
056812734
046852731
036851742
036852714
046835721
026845731
036825741
046831752
036842751
016832754
036814725
026834715
016824735
054863712
052864713
053861742
052863741
051862743
053862714
045863721
015864723
025861743
041865723
023865741
013865724
014862753
013864752
012863754
043861725
014863725
021863745
054816732
052846731
051836742
035816724
025836714
015826734
041856732
034856712
032856741
042836751
014836752
031846752
041836725
021846735
031826745
054812763
053814762
052813764
045821763
025843761
025814763
043851762
042853761
041852763
014853762
012854763
013852764
043825761
021845763
023815764
041823765
024813765
023841765
051842736
052814736
052831746
045831726
025841736
035821746
042851736
032854716
031852746
034815726
024835716
014825736
041832756
032841756
012834756
065842371
065834271
065821473
065831274
065823174
063851472
062853471
061852473
064815372
064825173
062845371
063825471
064831572
061834572
064812375
063824175
061823475
056843271
056814273
056832174
046851273
036854172
036852471
036825174
046823571
016824573
026813574
026831475
054862173
053864172
053862471
051863472
052861473
052863174
045861372
035864271
025864173
035861274
015862374
023865174
012865374
034861572
031864572
042861375
024863175
054836172
054826371
053846271
051826374
025836471
024856371
014856273
031856472
032856174
021856374
043826571
021846573
023816574
034826175
054821673
051824673
035841672
015834672
035812674
024851673
021854673
041835672
032815674
041832675
032841675
012834675
053814276
052834176
035824176
043851276
034852176
014853276
032851476
021835476
021843576
013824576
065841237
065823417
062853147
064835217
063815427
063825147
064812537
062834517
061832547
063842157
062813457
056841327
056842137
056824317
056832417
046853217
026854317
016852437
036852147
016853247
036825417
016835427
026815437
046813527
016843527
046832157
026841357
036812457
052863417
053862147
015864237
015863427
043865127
041865237
034865217
023865417
042861537
032864517
031862547
042863157
054816327
052816437
045826137
035846127
025836147
043856217
041856327
032856417
013856247
043816527
013846527
041826357
024816357
012836457
054823617
051843627
053821647
045832617
015832647
024853617
013854627
023851647
042835617
012835647
021843657
013824657
052843167
045812367
035841267
015842367
015834267
025813467
043852167
012853467
041835267
042815367
023845167
012845367
013825467
042831567
034812567
076581432
076583214
076485123
076385412
076185423
076185342
076285134
076482531
076384521
076184532
076381524
076283514
076481235
076382415
076182345
075682413
075683142
072685413
074683521
071683524
074681253
071684253
072683145
075486312
075486231
074586321
072586431
071586243
073586214
071586324
071486532
071286543
073286514
072186534
074386251
072486153
072186453
071386254
074286135
072486315
075182643
074581623
071584623
073485612
072185643
073284651
073281654
073482615
075184263
075281463
075283164
074583162
072584163
073582164
074285163
073285461
073185264
073481562
072483561
071482563
074183265
073284165
071283465
075284136
075382146
071582436
071583246
073485126
071485236
073185426
072385146
074182536
072481536
071283546
074281356
072483156
071284356
072183456
067582413
067583142
067485132
067485213
067385421
067185432
067285143
067483512
067381452
067182354
067481325
067482135
067384125
067182435
067183245
057684132
057684213
057682431
057683241
027685134
047681523
027683514
037682154
017683254
037681425
057286341
057386214
037586412
027586314
047386521
047186532
017286354
037486215
017286435
037286145
057481632
057281643
027584613
027583641
017583624
027485631
037185624
047283651
037482651
037184652
017284653
027184635
057482361
057184362
057382164
017583462
037485162
037185462
017285463
027185364
047182563
047283165
037482165
017483265
037182465
027381465
057284316
047581326
047582136
047185236
037285416
017482536
017384526
037182546
027381546
047381256
065784132
065784213
065782431
065783241
064785321
062785431
061785243
063785214
061785324
063782541
061783542
062781543
064781352
061784352
064783215
062784135
063781245
056783412
036785241
026785143
046781532
036784512
016782534
046783152
016782453
016784235
016783425
053786412
052786143
045786123
025786413
015786234
042786531
014786532
032786514
043786152
013786425
031786245
054782631
051782634
045783612
025784631
015783642
025781634
032784651
032781654
042783615
034781625
031784625
012783645
052784361
052781364
045781263
035784162
035782461
043785261
032785461
014782563
013784562
012783564
041783265
024781365
032784165
021784365
052783146
045783126
045782316
025783416
035781246
015782346
042785316
014785236
023785146
012785346
041782536
034782516
012784536
013782456
065187243
065187324
063587412
062587143
062487513
062487351
061387452
062387154
064387125
063487215
061487325
063287145
056387241
046587132
046587213
026587341
016587243
016587324
046287513
016487532
036187542
016287543
026387514
046287351
016387254
046187235
036287415
054687132
054687213
025687431
035687124
041687523
023687541
013687524
043687251
032687451
031687425
051487632
051287643
053287614
052187634
035487621
043587621
024587613
034187652
014287653
024187635
054187362
052387461
045287163
025487361
015487263
025387164
012587463
043187562
013287465
021387465
054287316
035487216
015287436
035287146
043587216
041587326
032587416
013587246
043287516
042187536
014387526
013287546
021387546
041387256
065482731
065384721
065184732
065381724
065283714
064583712
062584713
063581742
062583741
061582743
063582714
064285713
062485731
064382751
061382754
063284715
062184735
056483712
016584732
036582741
046285731
026185743
036285714
046183752
016482753
016483725
036281745
052684731
052681734
043685712
034685721
013685742
031685724
034681752
031684752
043682715
024681735
021684735
013682745
053486712
052186743
045386712
045186723
025486713
035286741
015386742
031586742
012586734
043186752
042386715
041286735
034286715
013486725
012386745
054381762
051384762
045283761
035482761
035184762
015284763
043582761
041583762
042581763
041285763
024385761
032485761
013285764
021385764
043281765
014283765
032184765
052183746
045183726
045281736
025483716
035284716
014582736
032581746
031285746
023185746
013482756
065481273
065283471
065183274
064582173
063584172
063582471
061583472
062581473
062583174
064185273
063485271
061285473
064183572
062184573
063182574
061483275
063184275
063281475
056482173
056284371
056182473
056281374
036582174
016583274
046185372
036285471
016385472
036185274
036481572
016283574
046182375
026483175
036284175
016382475
026183475
053684271
053681274
045683172
015682473
012685473
024681573
021684573
042683175
015486372
035286174
041586273
034586172
013586274
041286573
024386571
032486571
013286574
021386574
034186275
023486175
012486375
031286475
023186475
054283671
051283674
045182673
023584671
023581674
042185673
013485672
013482675
054381276
053482176
051384276
053182476
045382176
035184276
035281476
041583276
024581376
032584176
021584376
042385176
034285176
041283576
031482576
065483217
065184327
065283147
062583417
063582147
061385427
063185247
063482517
064182357
062481357
062384157
056381247
016584327
036582417
026581347
036485217
016285437
036285147
046182537
026384517
046281357
016384257
051682437
051683247
035684127
025681437
024685137
024683517
013684527
023681547
043681257
034682157
014683257
032681457
054386217
051286347
045186237
035286417
042586137
024586317
041386527
012486537
032186547
014286357
053284617
052184637
035481627
043581627
014583627
021583647
034185627
021485637
041283657
031482657
054382167
051482367
052381467
025481367
025384167
015283467
013582467
043285167
024185367
013485267
042183567
076538421
076528134
076458312
076458231
076138524
076348152
076238154
076148325
076318425
076328145
075648312
075648231
075618423
075618342
075628143
073658142
071648532
072638514
072648153
073618452
074618235
072648315
073628415
071638245
072618345
075268341
075368214
071568423
071568342
074368512
074168523
073468521
072368541
074268153
073268451
073168254
074268315
075348612
075148623
075318642
075238614
074538612
072538641
072518634
072458613
073148652
073418625
072348615
071248635
073128645
072318645
075218364
074518362
074528163
072548361
073528461
071458263
073258164
073128564
072318564
071348265
075428316
075348126
074538126
074158236
072358416
071258436
072158346
071428536
071438256
072418356
067548312
067548231
067518423
067518342
067528143
067458321
067258413
067358124
067428513
067248531
067438152
067428351
067148253
067138452
067328154
057638124
037658421
047638512
017638542
037628451
027638154
037648215
037618245
057168243
057168324
047568123
027568413
017568234
017468523
017268534
037468152
037168452
017268453
027168354
047368215
027468135
027168435
017368245
057438621
057128634
047518632
017548632
027158634
027438651
047238615
017238645
057328461
057218463
037548261
027548163
017528463
017538264
047158263
027358461
047318562
027418563
037248561
017348562
017238564
047218365
027438165
017248365
027138465
057438216
057148236
057238146
037528416
017538426
027518436
047258136
017458236
037158246
047128536
037148526
027138546
047138256
037418256
037248156
065738124
061758432
063758241
062758134
063748521
061728543
063728514
064718253
062738451
064728135
061738425
056728413
056738214
046758123
026758413
016758234
046738521
026748531
036728541
046718352
046728153
016748352
036718254
046728315
016728345
054768132
054768213
025768431
035768124
041768523
023768541
013768524
043768251
032768451
031768425
045728613
015728643
043758612
034758621
013758642
031758624
042718653
034728651
012748653
031728654
023748615
023718645
054738162
054728361
053748261
051728364
025738461
024758361
014758263
031758462
032758164
021758364
043728561
021748563
023718564
034728165
054718236
052748316
053728416
051738246
052718346
045718326
015748326
043758126
041758236
034758216
023758416
034718526
024738516
014728536
043728156
014738256
031748256
065378241
064578123
063578421
062578314
061378542
063178524
061478253
063278154
064378215
061278345
056478123
056378412
056178423
056178342
056278134
026578431
036578124
026178534
046378152
036478251
026478153
026178453
046178325
026478315
016378425
052678413
045678312
045678231
015678423
015678342
035678214
041678532
034678512
032678541
042678153
013678452
042678315
014678235
023678145
012678345
053478612
052178643
045378612
045178623
025478613
035278641
015378642
031578642
012578634
043178652
042378615
041278635
034278615
013478625
012378645
054278163
053278461
053178264
015278364
042578361
014578362
021578463
024178563
023478561
012378564
041378265
053478126
051478236
053178426
052378146
045378126
025378416
025178346
024578136
031478526
034178256
023478156
012478356
031278456
023178456
065138724
064528713
061548723
063518724
061458732
061258743
063258714
062158734
062438751
063248751
064128735
061438725
056428713
056248731
046528731
036548721
026538741
036528714
016538724
026518734
046358712
046158723
026458713
036258741
016358742
046238751
046128753
026348715
026318745
054628731
053648712
053618742
051628734
025648713
025618743
042658713
024658731
012658743
021658734
043618725
013648725
054368721
054168732
053268741
051368724
025468731
035168724
014568723
021568743
023568714
041268753
024368751
032468751
013268754
021368754
031468725
054138762
051248763
053218764
025438761
041528763
024518763
013528764
043258761
031458762
032158764
034128765
054238716
053428716
045328716
015328746
041538726
021548736
031528746
043158726
014258736
023458716
043128756
042318756
034218756
012348756
065348271
064538271
061528473
061538274
062518374
064258173
063258471
063158274
064238571
064128573
063428571
061348572
061238574
064318275
061248375
056438271
056148372
056318472
036528471
026538174
016458372
036258174
036128574
046328175
026418375
052618473
045618372
045628173
015648372
035618274
043658172
034618572
032648571
012638574
041638275
042618375
023648175
012648375
013628475
051468273
053268174
045268371
015368274
041568372
034568271
024568173
023568471
031568274
042368571
034268571
014368572
031268574
023168574
014268375
053418672
052148673
045318672
025418673
035248671
015348672
015238674
042538671
014538672
031548672
012458673
043128675
042318675
034218675
012348675
054138276
052348176
051238476
015428376
025148376
025318476
034528176
042158376
031458276
012358476
021438576
065428137
065248317
065128437
065218347
063548127
061548237
064358127
063458217
061458327
063258147
063418527
062348517
061248537
063128547
062318547
064328157
061428357
063218457
056218437
056138247
046538127
026548137
036518427
026538417
016528437
036528147
046158237
036258417
036428517
016438527
026418537
036148257
016238457
054638127
045638217
015638247
031658427
042618537
012648537
024638157
031628457
054168327
052468137
053268417
052168437
042568317
014568237
023568147
012568347
043168527
014268537
023468517
043268157
024168357
013468257
054128637
051438627
045218637
015248637
032548617
032518647
024158637
021438657
053418267
052438167
053248167
051328467
052138467
045318267
035428167
015348267
035128467
043528167
014538267
031548267
013258467
021358467
014238567
013428567
031248567
023148567
076541823
076524813
076523841
076451832
076251843
076425831
076132854
076213854
076431825
076124835
075641832
075632841
075612834
073654821
073651824
074635812
072635841
072615834
073624851
073621854
074632815
072641835
075364812
075164823
074562831
071562834
071365842
073165824
074162853
073462851
071463852
072461853
073164852
072163854
074163825
074261835
072364815
071264835
071362845
075436821
075126834
074516823
073526841
074256813
072456831
074136852
071246853
073216854
071426835
075423861
075342861
074532861
071532864
074153862
072154863
073152864
074315862
071425863
072345861
074312865
074231865
073421865
071234865
075421836
074513826
073541826
073524816
074351826
074253816
071452836
071354826
073251846
074125836
071435826
074321856
071243856
071324856
072134856
067541832
067532841
067512834
067452813
067153842
067345812
067145823
067315842
067235814
067413852
067423815
067342815
067214835
067312845
067231845
057621843
057613824
047653821
017654823
027651843
047615832
017645832
047623851
017624853
027613854
047612835
017642835
057463812
017564832
037562841
047265831
027165843
037265814
047163852
017462853
017463825
037261845
057416832
057246813
057326841
057216843
047526813
017526843
037456812
027356841
017356824
017436852
017326854
047126835
037146825
027136845
057412863
057143862
037541862
017534862
037512864
017453862
047235861
047125863
027413865
037214865
057341826
057243816
057324816
057132846
057213846
047523816
017523846
047152836
027354816
047135826
037415826
027435816
017425836
027145836
037125846
037142856
027341856
065721843
065713824
064753812
062754813
063751842
062753841
061752843
063752814
064715823
063725841
063742851
061743852
062741853
063714825
061723845
056742831
056734812
016754832
036752841
036715824
026735814
016725834
046732851
036714852
046721835
036741825
036724815
016734825
026714835
026731845
053762841
051763842
052761843
045761823
025763814
043765821
024765813
043761852
042763851
041762853
014763852
012764853
013762854
041763825
023764815
051746832
052736814
045726831
035746821
025736841
035726814
015736824
025716834
031756842
012756834
041736852
032716854
034716825
024736815
014726835
054713862
053741862
052743861
051742863
052714863
053712864
025741863
015723864
043752861
041753862
042751863
014725863
023745861
021743865
013724865
054732816
052741836
035714826
025734816
015724836
014752836
032751846
041725836
034725816
014735826
024715836
031745826
021735846
042731856
034712856
065473821
065371842
065372814
062574831
062571834
064275831
061475823
062375814
061275834
064173852
062174853
063172854
063471825
062371845
056274813
056273841
056172834
046571823
026573814
036475821
036471852
016273854
026471835
036174825
054671823
051674823
045671832
035674812
015672834
031675842
012675834
024671853
021674853
042671835
032674815
031672845
054376821
054176832
053276841
051376824
025476831
035176824
014576823
021576843
023576814
041276853
024376851
032476851
013276854
021376854
031476825
054172863
053472861
051473862
052471863
053174862
052173864
045372861
025174863
032574861
032571864
042375861
034275861
014375862
031275864
023175864
014372865
024173865
053274816
052174836
035471826
043571826
014573826
021573846
034175826
021475836
041273856
031472856
065427813
065247831
061547832
062537814
063457812
062157843
062417853
064217835
063147825
061237845
056137842
056317824
026547813
026517843
046357821
046157832
046327851
046217853
036147852
016247853
026317854
046137825
036417825
026437815
016427835
026147835
036127845
053647821
051627843
053627814
045637812
015637842
014657823
021657843
023657814
014627853
023647851
042637815
012637845
052467813
015467823
015267834
042567831
014567832
032567814
042167853
013467852
031267845
023167845
053417862
052147863
045317862
025417863
035247861
015347862
015237864
042537861
014537862
031547862
012457863
043127865
042317865
034217865
012347865
054327816
052417836
051347826
045127836
035147826
025137846
023547816
023517846
024357816
032457816
043217856
012437856
013247856
021347856
065341872
065234871
065124873
065312874
065231874
064531872
061534872
064152873
063452871
061453872
062451873
063154872
062153874
063125874
062315874
064123875
062341875
056431872
056243871
056324871
056214873
056321874
046523871
016524873
026513874
046251873
026354871
036152874
026351874
026435871
036421875
026134875
054623871
051623874
045632871
035614872
024653871
021653874
042635871
014635872
031645872
014632875
031642875
032614875
054163872
052164873
053162874
025463871
035264871
015364872
035261874
034561872
031564872
041365872
021465873
041362875
023461875
012364875
052436871
053246871
035426871
025136874
043526871
021546873
023516874
034156872
014256873
021436875
051432876
053214876
025431876
021543876
013524876
043251876
014253876
032154876
024135876
031425876
065143827
065241837
064512837
062534817
061532847
062453817
063152847
064235817
063425817
063412857
056412837
056314827
046513827
016543827
046351827
046253817
036452817
016253847
046125837
036145827
026135847
046321857
016432857
026314857
054613827
053641827
053624817
035642817
035612847
041653827
023654817
032645817
032615847
041623857
024613857
023641857
053462817
045362817
015264837
015362847
025163847
042561837
032564817
031562847
042365817
041265837
034265817
013465827
012365847
043162857
012463857
051326847
052136847
045136827
035416827
025436817
015426837
025146837
035126847
043516827
013546827
043256817
042156837
014356827
013256847
021356847
014326857
032146857
052413867
053142867
045123867
035241867
015234867
042531867
034512867
013452867
041235867
023415867
076543281
076514283
076532184
076415382
076425183
076235481
076125483
076135284
076431582
076243581
076324581
076214583
076321584
076412385
076234185
075613482
074651283
071654283
073645182
074623581
071623584
073642185
072613485
075461283
075263481
075163284
074562183
073564182
073562481
071563482
072561483
072563184
074165283
073465281
071265483
074163582
072164583
073162584
071463285
073164285
073261485
075346182
075236184
074536182
074526381
073546281
071526384
074356281
072456183
072156483
071356284
072436581
073246581
074136285
072346185
071236485
075412683
075143682
074521683
071524683
073254681
073251684
072415683
072143685
075142386
075134286
075312486
075231486
073514286
072534186
074251386
072453186
071254386
072153486
074235186
073425186
072145386
073125486
072315486
071432586
073214586
067513482
067351482
067152384
067325481
067215483
067142583
067413285
067421385
067243185
067324185
057641283
057631482
037652184
017653284
027635481
047621583
027643581
027614583
027634185
037621485
057461382
057364182
057362481
047563182
017562483
047265183
027465381
017465283
027365184
017463582
047163285
027164385
057346281
047516283
027546381
017546283
017536482
017256384
047326581
047216583
037146582
017246583
027316584
047236185
017436285
037216485
057132684
057213684
027541683
017523684
047253681
037452681
037154682
017254683
037125684
027431685
057241386
057314286
047513286
047521386
037542186
017543286
027514386
047351286
037145286
017235486
047132586
047213586
037412586
017243586
017324586
065741283
065731482
064751382
061754382
064735182
064725381
063745281
061725384
064712583
063714582
062713584
064732185
061743285
062731485
056742183
046753182
016752483
046735281
026715483
036741582
016734582
036712584
026743185
036714285
016723485
054762381
051762384
045763281
025764381
015764283
035761482
025761384
041765283
034765182
013765284
043762581
041763582
042761583
043761285
034762185
014763285
032761485
052716483
045716382
045726183
015746382
035716284
043756182
034716582
032746581
012736584
041736285
042716385
023746185
012746385
013726485
054731682
051734682
032754681
032751684
043715682
024735681
013745682
021735684
043712685
034721685
013742685
031724685
053742186
052713486
045731286
045723186
013752486
034715286
023715486
014732586
031742586
032714586
065174283
065271483
065273184
064573182
062574183
063572184
064275183
063275481
063175284
063471582
062473581
061472583
064173285
063274185
061273485
056473182
056374281
056173482
056371284
046573281
026574381
016574283
036571482
026571384
016475382
036275184
046273581
036472581
036174582
016274583
036471285
016472385
054673281
051673284
015673482
043675182
023674581
023671584
043672185
012673485
054276381
053476182
053176482
051276384
045376182
035476281
025476183
025176483
043576281
032576481
043276581
031476582
032176584
042376185
034276185
054271683
051274683
045173682
015472683
024573681
021573684
012475683
042173685
045172386
025473186
035274186
015372486
025173486
013574286
031572486
042175386
031475286
012375486
034172586
024371586
032471586
013274586
021374586
065417283
065247183
065127384
062517483
062457381
061357482
062357184
063147582
064327185
061427385
063217485
056217384
036547182
016527384
046257381
016357284
046137582
036417582
026347581
036147285
016237485
051647283
051637482
053617284
052637184
035627184
043657281
032657481
041627583
024617583
013627584
024637185
031627485
054367182
051467382
052167384
045167283
025367481
042567183
013567482
012467583
043267185
024167385
013467285
052437681
053247681
035427681
025137684
043527681
021547683
023517684
034157682
014257683
021437685
054317286
051247386
045237186
015437286
035217486
041527386
024517386
012537486
041357286
014327586
032147586
065431782
065243781
065324781
065214783
065321784
063542781
061543782
062541783
064352781
061352784
064135782
061245783
063215784
064132785
064213785
062431785
063241785
056142783
046532781
036514782
046153782
016452783
046315782
026415783
036245781
016345782
016235784
046312785
046231785
016423785
016342785
026143785
054632781
051632784
045612783
015642783
025634781
025631784
034651782
031654782
042615783
034625781
012645783
031625784
052364781
052361784
035461782
015263784
043561782
042563781
041562783
014563782
012564783
013562784
034165782
014265783
034162785
024361785
032461785
013264785
021364785
052416783
045236781
045126783
041536782
032516784
043156782
014236785
013426785
031246785
023146785
052413786
053142786
045123786
035241786
015234786
042531786
034512786
013452786
041235786
023415786
065432187
065124387
065132487
065213487
063512487
064152387
062451387
062354187
063415287
062435187
063245187
061325487
062135487
062143587
056214387
016524387
016532487
046251387
016354287
046235187
016435287
036215487
036142587
026341587
053614287
052634187
035624187
043651287
034652187
014653287
032651487
021635487
021643587
013624587
052164387
051362487
045263187
035462187
015463287
035162487
025361487
043562187
012563487
043165287
024365187
032465187
021465387
032165487
013462587
051346287
035146287
015236487
032546187
021546387
014256387
041326587
042136587
024316587
032416587
054132687
054213687
052431687
053241687
035421687
025134687
043521687
014523687
023514687
041253687
031452687
034125687
076534128
076453128
076452318
076154238
076153428
076251438
076145328
076315428
076325148
076421538
076431258
076423158
076342158
076123458
075643128
075642318
075634218
075612348
072653418
073652148
074615238
072645318
073625418
071635248
072615348
071642538
072614538
072631548
073612458
075361248
072564318
073561428
071562348
074265318
074362518
071463528
073164528
074163258
073264158
071263458
075416328
075326418
075126348
074526138
071536428
073456128
071456238
073156428
072356148
074136528
074236158
073426158
072146358
073126458
072316458
075423618
075342618
075214638
075312648
075231648
074532618
072541638
072153648
073415628
072345618
071245638
073125648
072315648
072413658
073142658
075241368
075314268
074512368
073524168
071523468
074253168
073451268
071345268
074123568
072341568
067543128
067542318
067534218
067512348
067453218
067154328
067253148
067413528
067234518
067123548
067432158
067124358
067132458
067213458
057621438
037654128
027651438
037645218
037615248
047632518
017632548
037624158
057361428
057263418
047561238
037564218
027563148
047365218
027465138
027165438
017365248
047163528
047261538
027463518
037264518
047263158
037462158
017463258
037162458
027361458
057216438
057136248
047536128
027546138
037516428
027536418
017526438
037526148
047156238
037256418
037426518
017436528
027416538
037146258
017236458
057134628
047512638
017542638
037451628
047235618
017235648
037421658
027134658
057413268
057421368
057243168
057324168
047531268
047523168
027451368
027354168
017253468
047215368
027435168
017245368
027135468
047312568
047231568
017423568
017342568
027143568
065721438
061752438
061753248
064725138
061735428
064723518
061743528
063721548
063714258
062734158
056714238
056713428
056731248
056723148
046751238
036754218
026753148
046725318
016725348
036714528
026734518
016724538
046712358
036741258
016742358
016734258
026713458
054761328
054762138
053764218
051764328
052761438
025764138
031765428
043761528
014763528
021763548
041763258
024761358
032764158
021764358
054736218
053716428
053726148
025746318
025716348
042756318
014756238
023756148
012756348
041736528
021746538
031726548
034716258
023716458
054721638
052743618
051724638
052713648
045713628
015743628
043752618
024751638
021754638
013752648
023745618
023715648
054732168
051743268
052731468
025734168
035721468
013754268
031752468
034725168
041723568
024713568
023741568
065274318
064571238
063574128
061574238
061573428
062571348
064375218
061275348
064173528
064271538
062374518
061274538
061372548
064273158
063471258
056471238
056372418
056172348
026574138
046175328
026475318
016375428
036471528
046372158
036174258
036271458
052673148
045673128
045672318
025673418
035671248
015672348
042675318
014675238
023675148
012675348
041672538
034672518
012674538
013672458
054276138
052476318
015476328
025376148
034576128
021576438
024176538
042176358
031476258
012376458
053472618
045372618
015274638
015372648
025173648
042571638
032574618
031572648
042375618
041275638
034275618
013475628
012375648
043172658
012473658
054173268
053274168
051273468
045271368
015374268
034571268
014572368
031574268
023571468
041375268
042371568
034271568
021473568
031274568
023174568
065437128
065347218
065137428
065317248
064537218
063517428
063527148
064157328
062457138
063257418
062157438
064237518
063427518
064127358
063147258
056437218
056147238
056237148
036527418
016537428
026517438
046257138
016457238
036157248
046127538
036147528
026137548
046137258
036417258
036247158
051627438
045617238
015647238
034657128
021657438
032647518
032617548
034627158
051367428
053167248
045267318
035467128
035167428
015267348
043567128
041567238
034567218
023567418
042367518
041267538
034267518
013467528
012367548
013267458
021367458
054137628
035247618
035217648
042537618
012537648
031457628
024137658
031427658
054327168
051427368
053217468
041537268
042517368
023547168
012547368
013527468
043157268
024357168
032457168
021457368
032157468
041237568
023417568
065421738
064513728
063541728
063524718
064351728
064253718
061452738
061354728
063251748
064125738
061435728
064321758
061243758
061324758
062134758
056413728
056234718
056123748
046531728
026541738
036521748
046352718
016254738
016352748
026153748
026345718
026315748
026413758
036214758
054631728
053642718
051634728
053612748
045623718
015623748
043615728
013645728
042613758
024631758
012643758
021634758
054162738
052461738
051263748
025164738
024563718
013564728
023561748
031465728
043261758
014263758
032164758
053416728
052346718
051246738
053126748
052316748
045316728
015346728
041526738
034526718
014536728
024516738
031546728
021536748
031256748
023156748
041236758
023416758
054132768
054213768
052431768
053241768
035421768
025134768
043521768
014523768
023514768
041253768
031452768
034125768
065214378
062541378
063521478
064153278
063254178
061253478
064315278
061245378
061423578
061342578
063124578
062314578
056142378
056134278
056312478
056231478
036524178
036451278
016452378
046325178
026415378
026431578
052643178
045612378
035641278
015642378
015634278
025613478
043652178
012653478
041635278
042615378
023645178
012645378
013625478
042631578
034612578
054263178
053461278
045361278
041562378
023564178
012564378
021563478
014265378
014362578
024163578
051436278
052416378
045126378
025346178
015326478
024536178
031526478
042356178
034256178
034126578
053412678
045312678
045231678
015423678
015342678
025143678
014532678
031542678
032514678
042153678
043125678
042315678
034215678
012345678

4374
4536
4536
4365
4536
4536
4365
4536
4536

